034 RT after settings:
REGIONS = [
    #(170, 400, [("voigt",0.1,186,10),("voigt",0.1,266,10)]),
    (170, 1680, [("voigt",0.1,186,10),("voigt",0.1,266,10),("voigt", 0.1, 435, 5),("voigt", 0.2, 500, 5),("voigt", 0.2, 535, 5),("voigt", 0.1, 580, 1),("voigt", 0.1, 660, 1),("lorentz", 0.4, 767, 1), ("lorentz", 0.4, 790, 1),("lorentz", 0.4, 795, 1),("gauss",0.5,770,5), ("voigt",0.3, 849, 2),("voigt", 0.3, 940, 2),("voigt", 0.3, 923, 2),("gauss", 0.3, 870, 10),("voigt", 0.3, 870, 2),("gauss",0.5,1080,5),("gauss",0.5,1200,5),("lorentz",0.1,1405,2),("lorentz",0.1,1605,2)]),
    #(1350, 1450, [("lorentz",0.1,1405,2)])
]

27 1200 settings:
REGIONS = [
    #(170, 400, [("voigt",0.1,186,10),("voigt",0.1,266,10)]),
    (170, 1620, [("voigt",0.1,186,10),("voigt",0.1,266,10),("voigt", 0.1, 435, 5),("voigt", 0.2, 500, 5),("voigt", 0.2, 535, 5),("voigt", 0.1, 580, 1),("voigt", 0.1, 660, 1),("lorentz", 0.4, 767, 1), ("lorentz", 0.4, 790, 1),("lorentz", 0.4, 795, 1),("gauss",0.5,770,5), ("voigt",0.3, 849, 2),("voigt", 0.3, 940, 2),("voigt", 0.3, 923, 2),("gauss", 0.3, 870, 10),("voigt", 0.3, 870, 2),("gauss",0.5,1080,5),("gauss",0.5,1200,5),("lorentz",0.1,1405,2),("lorentz",0.1,1605,2)]),
    #(1350, 1450, [("lorentz",0.1,1405,2)])
]

25 1100 settings:
REGIONS = [
    #(170, 400, [("voigt",0.1,186,10),("voigt",0.1,266,10)]),
    (170, 1620, [("voigt",0.1,186,10),("voigt",0.1,266,10),("voigt", 0.1, 435, 5),("voigt", 0.2, 500, 5),("voigt", 0.2, 535, 5),("voigt", 0.1, 580, 1),("voigt", 0.1, 660, 1),("lorentz", 0.4, 767, 1), ("lorentz", 0.4, 790, 1),("lorentz", 0.4, 795, 1),("gauss",0.5,770,5), ("voigt",0.3, 849, 2),("voigt", 0.3, 940, 2),("voigt", 0.3, 923, 2),("gauss", 0.3, 870, 10),("voigt", 0.3, 870, 2),("gauss",0.5,1080,5),("gauss",0.5,1200,5),("lorentz",0.1,1305,2),("lorentz",0.1,1405,2),("lorentz",0.1,1605,2)]),
    #(1350, 1450, [("lorentz",0.1,1405,2)])
]

24 1000 settings:
REGIONS = [
    #(170, 400, [("voigt",0.1,186,10),("voigt",0.1,266,10)]),
    (170, 1620, [("voigt",0.1,186,10),("voigt",0.1,266,10),("voigt", 0.1, 435, 5),("voigt", 0.2, 500, 5),("voigt", 0.2, 535, 5),("voigt", 0.1, 580, 1),("voigt", 0.1, 660, 1),("lorentz", 0.4, 767, 1), ("lorentz", 0.4, 790, 1),("lorentz", 0.4, 795, 1),("gauss",0.5,770,5), ("voigt",0.3, 849, 2),("voigt", 0.3, 940, 2),("voigt", 0.3, 923, 2),("gauss", 0.3, 870, 10),("voigt", 0.3, 870, 2),("gauss",0.5,1080,5),("gauss",0.5,1200,5),("lorentz",0.1,1305,2),("lorentz",0.1,1405,2),("lorentz",0.1,1605,2)]),
    #(1350, 1450, [("lorentz",0.1,1405,2)])
]

22 900 settings:
REGIONS = [
    #(170, 400, [("voigt",0.1,186,10),("voigt",0.1,266,10)]),
    (170, 1620, [("voigt",0.1,186,10),("voigt",0.1,266,10),("voigt", 0.1, 435, 5),("voigt", 0.2, 500, 5),("voigt", 0.2, 535, 5),("voigt", 0.1, 580, 1),("voigt", 0.1, 660, 1),("lorentz", 0.4, 767, 1), ("lorentz", 0.4, 790, 1),("lorentz", 0.4, 795, 1),("gauss",0.5,770,5), ("voigt",0.3, 849, 2),("voigt", 0.3, 940, 2),("voigt", 0.3, 923, 2),("gauss", 0.3, 870, 10),("voigt", 0.3, 870, 2),("gauss",0.5,1080,5),("gauss",0.5,1200,5),("lorentz",0.1,1305,2),("lorentz",0.1,1405,2),("lorentz",0.1,1605,2)]),
    #(1350, 1450, [("lorentz",0.1,1405,2)])
]

18 800 settings:
REGIONS = [
    #(170, 400, [("voigt",0.1,186,10),("voigt",0.1,266,10)]),
    (170, 1620, [("voigt",0.1,186,10),("voigt",0.1,266,10),("voigt",0.1,266,5),("voigt", 0.1, 435, 5),("voigt", 0.2, 500, 5),("voigt", 0.1, 660, 1),("lorentz", 0.4, 767, 1), ("lorentz", 0.4, 790, 1),("lorentz", 0.4, 795, 1),("gauss",0.5,770,5), ("voigt",0.3, 849, 2),("voigt", 0.3, 940, 2),("voigt", 0.3, 923, 2),("gauss", 0.3, 870, 10),("voigt", 0.3, 870, 2),("gauss",0.5,1200,5),("lorentz",0.1,1405,2),("lorentz",0.1,1605,2)]),
    #(1350, 1450, [("lorentz",0.1,1405,2)])
]

17 700 settings:
REGIONS = [
    #(170, 400, [("voigt",0.1,186,10),("voigt",0.1,266,10)]),
    (170, 1620, [("voigt",0.1,186,10),("voigt",0.1,246,10),("voigt",0.1,266,5),("voigt", 0.1, 435, 5),("voigt", 0.2, 500, 5),("voigt", 0.1, 660, 1),("lorentz", 0.4, 767, 1), ("lorentz", 0.4, 790, 1),("lorentz", 0.4, 795, 1),("gauss",0.5,770,5), ("voigt",0.3, 849, 2),("voigt", 0.3, 940, 2),("voigt", 0.3, 923, 2),("gauss", 0.3, 870, 10),("voigt", 0.3, 870, 2),("lorentz",0.1,1305,2),("lorentz",0.1,1405,2),("lorentz",0.1,1500,2)]),
    #(1350, 1450, [("lorentz",0.1,1405,2)])
]
offset = -0.16

15 600 settings:
REGIONS = [
    #(170, 400, [("voigt",0.1,186,10),("voigt",0.1,266,10)]),
    (170, 1660, [("voigt",0.1,186,10),("voigt",0.1,246,10),("voigt",0.1,266,5),("voigt", 0.1, 435, 5),("voigt", 0.2, 500, 5),("voigt", 0.2, 550, 5),("voigt", 0.1, 660, 1),("lorentz", 0.4, 767, 1), ("lorentz", 0.4, 790, 1),("lorentz", 0.4, 795, 1),("gauss",0.5,770,5), ("voigt",0.3, 849, 2),("voigt", 0.3, 940, 2),("voigt", 0.3, 923, 2),("gauss", 0.3, 870, 10),("voigt", 0.3, 870, 2),("gauss",0.1,1205,5),("lorentz",0.6,1405,2),("lorentz", 0.3, 1600,5)]),
    #(1350, 1450, [("lorentz",0.1,1405,2)])
]
offset = - 0.08

13 500 settings:
REGIONS = [
    #(170, 400, [("voigt",0.1,186,10),("voigt",0.1,266,10)]),
    (170, 1660, [("voigt",0.4,186,10),("voigt",0.4,246,10),("voigt",0.4,266,5),("voigt", 0.1, 435, 5),("voigt", 0.2, 500, 5),("voigt", 0.2, 550, 5),("voigt", 0.1, 660, 1),("lorentz", 0.4, 767, 1), ("lorentz", 0.4, 790, 1),("lorentz", 0.4, 795, 1),("gauss",0.5,770,5), ("voigt",0.3, 849, 2),("voigt", 0.3, 940, 2),("voigt", 0.3, 923, 2),("gauss", 0.3, 870, 10),("voigt", 0.3, 870, 2),("gauss",0.4,1205,5),("lorentz",0.6,1405,2),("gauss", 0.3, 1600,5)]),
    #(1350, 1450, [("lorentz",0.1,1405,2)])
]
offset = - 0.08

10 400 settings:
REGIONS = [
    #(170, 400, [("voigt",0.1,186,10),("voigt",0.1,266,10)]),
    (170, 1660, [("voigt",0.4,186,10),("voigt",0.4,246,10),("voigt",0.4,266,5),("voigt", 0.1, 435, 5),("voigt", 0.2, 500, 5),("voigt", 0.2, 550, 5),("voigt", 0.1, 660, 1),("lorentz", 0.4, 767, 1), ("lorentz", 0.4, 790, 1),("lorentz", 0.4, 795, 1),("gauss",0.5,770,5), ("voigt",0.3, 849, 2),("voigt", 0.3, 940, 2),("voigt", 0.3, 923, 2),("gauss", 0.3, 870, 10),("voigt", 0.3, 870, 2),("lorentz",0.6,1405,2),("gauss", 0.3, 1600,5)]),
    #(1350, 1450, [("lorentz",0.1,1405,2)])
]
offset = -0.07

08 300 settings:
REGIONS = [
    #(170, 400, [("voigt",0.1,186,10),("voigt",0.1,266,10)]),
    (170, 1660, [("voigt",0.4,186,10),("voigt",0.4,246,10),("voigt",0.4,266,5),("voigt", 0.1, 435, 5),("voigt", 0.2, 500, 5),("voigt", 0.2, 550, 5),("voigt", 0.1, 660, 1),("lorentz", 0.4, 767, 1), ("lorentz", 0.4, 790, 1),("lorentz", 0.4, 795, 1),("gauss",0.5,770,5), ("voigt",0.3, 849, 2),("voigt", 0.3, 940, 2),("voigt", 0.3, 923, 2),("gauss", 0.3, 870, 10),("voigt", 0.3, 870, 2),("lorentz",0.6,1455,2),("lorentz",0.6,1355,2),("lorentz",0.6,1405,2)]),
    #(1350, 1450, [("lorentz",0.1,1405,2)])
]
offset = -0.07

07 200 settings:
REGIONS = [
    #(170, 400, [("voigt",0.1,186,10),("voigt",0.1,266,10)]),
    (170, 1660, [("voigt",0.4,186,10),("voigt",0.4,246,10),("voigt",0.4,266,5),("voigt", 0.1, 435, 5),("voigt", 0.2, 500, 5),("voigt", 0.2, 550, 5),("voigt", 0.1, 660, 1),("lorentz", 0.4, 767, 1), ("lorentz", 0.4, 790, 1),("lorentz", 0.4, 795, 1),("gauss",0.5,770,5), ("voigt",0.3, 849, 2),("voigt", 0.3, 940, 2),("voigt", 0.3, 923, 2),("gauss", 0.3, 870, 10),("voigt", 0.3, 870, 2),("lorentz",0.6,1455,2),("lorentz",0.6,1355,2),("lorentz",0.6,1405,2)]),
    #(1350, 1450, [("lorentz",0.1,1405,2)])
]
offset = -0.07

05 100 settings:
REGIONS = [
    #(170, 400, [("voigt",0.1,186,10),("voigt",0.1,266,10)]),
    (170, 1660, [("voigt",0.4,186,10),("voigt",0.4,246,10),("voigt",0.4,266,5),("voigt", 0.1, 435, 5),("voigt", 0.2, 500, 5),("voigt", 0.2, 550, 5),("voigt", 0.1, 660, 1),("lorentz", 0.4, 767, 1),("gauss",0.5,770,5), ("lorentz", 0.4, 790, 1),("lorentz", 0.4, 795, 1), ("voigt",0.3, 849, 2),("gauss", 0.3, 870, 10),("voigt", 0.3, 870, 2),("voigt", 0.3, 923, 2),("voigt", 0.3, 940, 2),("lorentz",0.6,1355,2),("lorentz",0.6,1455,2),("lorentz",0.6,1405,2)]),
    #(1350, 1450, [("lorentz",0.1,1405,2)])
]
offset = -0.07

RT start settings:
REGIONS = [
    #(170, 400, [("voigt",0.1,186,10),("voigt",0.1,266,10)]),
    (170, 1660, [("voigt",0.4,186,10),("voigt",0.4,246,10),("voigt",0.4,266,5),("voigt", 0.1, 435, 5),("voigt", 0.2, 500, 5),("voigt", 0.2, 550, 5),("voigt", 0.1, 660, 1),("gauss",0.5,770,5), ("voigt",0.3, 849, 2),("gauss", 0.3, 870, 10),("lorentz",0.6,1355,2),("lorentz",0.6,1455,2),("lorentz",0.6,1405,2)]),
    #(1350, 1450, [("lorentz",0.1,1405,2)])
]
offset = -0.18