03 RT
05 100
07 200
08 300
10 400
13 500
15 600
17 700
18 800
22 900
24 1000
25 1100
27 1200
34, 31 RT

34: REGIONS = [
    (440, 610, [("pvoigt", 0.4, 550, 5)]),
    (690, 1000, [("lorentz", 0.4, 770, 5), ("lorentz",0.4, 820, 5),("gauss", 0.05, 890, 5),("lorentz", 0.05, 930, 5),("lorentz", 0.4, 975, 5)]),
    (1300, 1700, [("lorentz", 0.4, 1400, 5), ("lorentz",0.4,1600,5)])
]

27: REGIONS = [
    (440, 610, [("pvoigt", 0.4, 550, 5)]),
    (650, 1000, [("lorentz", 0.8, 770, 5),("gauss", 0.1, 860, 8),("pvoigt", 0.4, 920, 5)]),
    (1400, 1500, [("pvoigt", 0.4, 1450, 5)])
]

25: REGIONS = [
    (440, 610, [("lorentz", 0.4, 550, 5)]),
    (650, 1000, [("lorentz", 0.8, 770, 5),("gauss", 0.1, 860, 8),("pvoigt", 0.4, 920, 5)]),
    (1350, 1600, [("pvoigt", 0.4, 1370, 5),("pvoigt", 0.4, 1450, 5),("pvoigt", 0.4, 1550, 5)])
]

24: REGIONS = [
    (440, 610, [("lorentz", 0.4, 550, 5)]),
    (650, 1000, [("lorentz", 0.8, 770, 5),("gauss", 0.1, 860, 8),("pvoigt", 0.4, 920, 5)]),
    (1350, 1600, [("pvoigt", 0.4, 1370, 5),("pvoigt", 0.4, 1450, 5),("pvoigt", 0.4, 1550, 5)])
]

22: REGIONS = [
    (440, 610, [("pvoigt", 0.4, 550, 5)]),
    (650, 1000, [("lorentz", 0.8, 770, 5),("gauss", 0.1, 860, 8),("pvoigt", 0.4, 920, 5)]),
    (1350, 1600, [("pvoigt", 0.4, 1370, 5),("pvoigt", 0.4, 1450, 5),("pvoigt", 0.4, 1550, 5)])
]

22 Improved: REGIONS = [
    (440, 1000, [("pvoigt", 0.4, 550, 5),("lorentz", 0.8, 770, 5),("gauss", 0.1, 860, 8),("pvoigt", 0.4, 920, 5)]),
    (1350, 1600, [("pvoigt", 0.4, 1370, 5),("pvoigt", 0.4, 1450, 5),("pvoigt", 0.4, 1550, 5)])
]

18: REGIONS = [
    (380, 1000, [("pvoigt", 0.4, 550, 5),("lorentz", 0.8, 770, 5),("gauss", 0.1, 860, 8),("pvoigt", 0.4, 920, 5)]),
    (1100, 1700, [("gauss", 0.4, 1250, 5),("pvoigt", 0.4, 1400, 5),("gauss", 0.4, 1550, 5)])
]