//Exported ASCII-File
[Header]
FileName = D:\User\JN 25\JN25045\Alex Leide annealing\REFEL Ne 300 2,5dpa\REFEL Si 300 2,5dpa anneal.wip
GraphName = REFEL Si 300 2,5dpa 300--Spectrum--037--Spec.Data 1
SizeX = 1
SizeY = 1
SizeGraph = 1600
PositionUnit = µm
PositionX = 5581.20000002328
PositionY = 9365.30000002328
PositionZ = 9.33
XAxisUnit = rel. 1/cm
DataUnit = CCD cts

[Data]
X-Axis	REFEL Si 300 2,5dpa 300--Spectrum--037--Spec.Data 1
 2.65845E+01	 1.34602E+03
 2.95325E+01	 1.34774E+03
 3.24795E+01	 1.34780E+03
 3.54254E+01	 1.34782E+03
 3.83703E+01	 1.34672E+03
 4.13142E+01	 1.34718E+03
 4.42570E+01	 1.34656E+03
 4.71989E+01	 1.34676E+03
 5.01397E+01	 1.34768E+03
 5.30795E+01	 1.34676E+03
 5.60182E+01	 1.34684E+03
 5.89559E+01	 1.34690E+03
 6.18927E+01	 1.35008E+03
 6.48283E+01	 1.35328E+03
 6.77630E+01	 1.35838E+03
 7.06967E+01	 1.36282E+03
 7.36293E+01	 1.36532E+03
 7.65609E+01	 1.36966E+03
 7.94915E+01	 1.37016E+03
 8.24211E+01	 1.37128E+03
 8.53496E+01	 1.36936E+03
 8.82771E+01	 1.36936E+03
 9.12037E+01	 1.36984E+03
 9.41292E+01	 1.37090E+03
 9.70536E+01	 1.37192E+03
 9.99771E+01	 1.37376E+03
 1.02900E+02	 1.37088E+03
 1.05821E+02	 1.37208E+03
 1.08741E+02	 1.37276E+03
 1.11661E+02	 1.37340E+03
 1.14579E+02	 1.37346E+03
 1.17497E+02	 1.37540E+03
 1.20413E+02	 1.37630E+03
 1.23328E+02	 1.37540E+03
 1.26243E+02	 1.37728E+03
 1.29156E+02	 1.37788E+03
 1.32068E+02	 1.37850E+03
 1.34980E+02	 1.37840E+03
 1.37890E+02	 1.38014E+03
 1.40799E+02	 1.38108E+03
 1.43708E+02	 1.38324E+03
 1.46615E+02	 1.38244E+03
 1.49521E+02	 1.38384E+03
 1.52427E+02	 1.38662E+03
 1.55331E+02	 1.38490E+03
 1.58234E+02	 1.38536E+03
 1.61137E+02	 1.38596E+03
 1.64038E+02	 1.38740E+03
 1.66938E+02	 1.38820E+03
 1.69837E+02	 1.38764E+03
 1.72736E+02	 1.38818E+03
 1.75633E+02	 1.38828E+03
 1.78529E+02	 1.39066E+03
 1.81425E+02	 1.38888E+03
 1.84319E+02	 1.39150E+03
 1.87212E+02	 1.39278E+03
 1.90105E+02	 1.39120E+03
 1.92996E+02	 1.39264E+03
 1.95886E+02	 1.39180E+03
 1.98775E+02	 1.39272E+03
 2.01664E+02	 1.39358E+03
 2.04551E+02	 1.39174E+03
 2.07437E+02	 1.39110E+03
 2.10323E+02	 1.39102E+03
 2.13207E+02	 1.39136E+03
 2.16090E+02	 1.38958E+03
 2.18973E+02	 1.39118E+03
 2.21854E+02	 1.39182E+03
 2.24735E+02	 1.38950E+03
 2.27614E+02	 1.39170E+03
 2.30492E+02	 1.38982E+03
 2.33370E+02	 1.39002E+03
 2.36246E+02	 1.39026E+03
 2.39122E+02	 1.39086E+03
 2.41996E+02	 1.38974E+03
 2.44870E+02	 1.39018E+03
 2.47742E+02	 1.38964E+03
 2.50614E+02	 1.38844E+03
 2.53484E+02	 1.38876E+03
 2.56354E+02	 1.38936E+03
 2.59222E+02	 1.39030E+03
 2.62090E+02	 1.38908E+03
 2.64956E+02	 1.38862E+03
 2.67822E+02	 1.38750E+03
 2.70687E+02	 1.38894E+03
 2.73550E+02	 1.38862E+03
 2.76413E+02	 1.38826E+03
 2.79275E+02	 1.38740E+03
 2.82135E+02	 1.38680E+03
 2.84995E+02	 1.38900E+03
 2.87854E+02	 1.38600E+03
 2.90711E+02	 1.38750E+03
 2.93568E+02	 1.38646E+03
 2.96424E+02	 1.38658E+03
 2.99279E+02	 1.38482E+03
 3.02133E+02	 1.38746E+03
 3.04986E+02	 1.38470E+03
 3.07838E+02	 1.38590E+03
 3.10689E+02	 1.38512E+03
 3.13538E+02	 1.38582E+03
 3.16387E+02	 1.38584E+03
 3.19236E+02	 1.38464E+03
 3.22083E+02	 1.38734E+03
 3.24929E+02	 1.38360E+03
 3.27774E+02	 1.38502E+03
 3.30618E+02	 1.38354E+03
 3.33461E+02	 1.38598E+03
 3.36303E+02	 1.38314E+03
 3.39145E+02	 1.38414E+03
 3.41985E+02	 1.38136E+03
 3.44824E+02	 1.38356E+03
 3.47663E+02	 1.38330E+03
 3.50500E+02	 1.38384E+03
 3.53336E+02	 1.38276E+03
 3.56172E+02	 1.38454E+03
 3.59006E+02	 1.38202E+03
 3.61840E+02	 1.38262E+03
 3.64672E+02	 1.38452E+03
 3.67504E+02	 1.38294E+03
 3.70335E+02	 1.38308E+03
 3.73164E+02	 1.38254E+03
 3.75993E+02	 1.38042E+03
 3.78821E+02	 1.38172E+03
 3.81648E+02	 1.38028E+03
 3.84473E+02	 1.38216E+03
 3.87298E+02	 1.38196E+03
 3.90122E+02	 1.38218E+03
 3.92945E+02	 1.38130E+03
 3.95767E+02	 1.38128E+03
 3.98588E+02	 1.38088E+03
 4.01408E+02	 1.37916E+03
 4.04227E+02	 1.38058E+03
 4.07046E+02	 1.37890E+03
 4.09863E+02	 1.37932E+03
 4.12679E+02	 1.37866E+03
 4.15494E+02	 1.38036E+03
 4.18309E+02	 1.37886E+03
 4.21122E+02	 1.38054E+03
 4.23935E+02	 1.37954E+03
 4.26746E+02	 1.37946E+03
 4.29557E+02	 1.37952E+03
 4.32366E+02	 1.38134E+03
 4.35175E+02	 1.38182E+03
 4.37983E+02	 1.37776E+03
 4.40790E+02	 1.37948E+03
 4.43595E+02	 1.37878E+03
 4.46400E+02	 1.38234E+03
 4.49204E+02	 1.37958E+03
 4.52007E+02	 1.37792E+03
 4.54809E+02	 1.37954E+03
 4.57610E+02	 1.37824E+03
 4.60410E+02	 1.37840E+03
 4.63210E+02	 1.37980E+03
 4.66008E+02	 1.37754E+03
 4.68805E+02	 1.37880E+03
 4.71602E+02	 1.37770E+03
 4.74397E+02	 1.37924E+03
 4.77192E+02	 1.37960E+03
 4.79985E+02	 1.38122E+03
 4.82778E+02	 1.38090E+03
 4.85569E+02	 1.37964E+03
 4.88360E+02	 1.38142E+03
 4.91150E+02	 1.38182E+03
 4.93939E+02	 1.38236E+03
 4.96727E+02	 1.38280E+03
 4.99514E+02	 1.38440E+03
 5.02300E+02	 1.38520E+03
 5.05085E+02	 1.38870E+03
 5.07869E+02	 1.39102E+03
 5.10652E+02	 1.39264E+03
 5.13435E+02	 1.39814E+03
 5.16216E+02	 1.40228E+03
 5.18996E+02	 1.40018E+03
 5.21776E+02	 1.39822E+03
 5.24554E+02	 1.39516E+03
 5.27332E+02	 1.39126E+03
 5.30109E+02	 1.38776E+03
 5.32885E+02	 1.38614E+03
 5.35659E+02	 1.38476E+03
 5.38433E+02	 1.38310E+03
 5.41206E+02	 1.38358E+03
 5.43978E+02	 1.38272E+03
 5.46750E+02	 1.38216E+03
 5.49520E+02	 1.38238E+03
 5.52289E+02	 1.38248E+03
 5.55057E+02	 1.38154E+03
 5.57825E+02	 1.38016E+03
 5.60591E+02	 1.38126E+03
 5.63357E+02	 1.37810E+03
 5.66122E+02	 1.38038E+03
 5.68885E+02	 1.38172E+03
 5.71648E+02	 1.38018E+03
 5.74410E+02	 1.37792E+03
 5.77171E+02	 1.37916E+03
 5.79931E+02	 1.37890E+03
 5.82690E+02	 1.37716E+03
 5.85448E+02	 1.37722E+03
 5.88206E+02	 1.37556E+03
 5.90962E+02	 1.37750E+03
 5.93717E+02	 1.37590E+03
 5.96472E+02	 1.37788E+03
 5.99225E+02	 1.37744E+03
 6.01978E+02	 1.37690E+03
 6.04730E+02	 1.37684E+03
 6.07481E+02	 1.37784E+03
 6.10231E+02	 1.37684E+03
 6.12980E+02	 1.37642E+03
 6.15728E+02	 1.37782E+03
 6.18475E+02	 1.37578E+03
 6.21221E+02	 1.37584E+03
 6.23967E+02	 1.37552E+03
 6.26711E+02	 1.37542E+03
 6.29454E+02	 1.37538E+03
 6.32197E+02	 1.37606E+03
 6.34939E+02	 1.37552E+03
 6.37680E+02	 1.37718E+03
 6.40419E+02	 1.37582E+03
 6.43158E+02	 1.37590E+03
 6.45896E+02	 1.37650E+03
 6.48634E+02	 1.37666E+03
 6.51370E+02	 1.37554E+03
 6.54105E+02	 1.37644E+03
 6.56840E+02	 1.37610E+03
 6.59573E+02	 1.37600E+03
 6.62306E+02	 1.37470E+03
 6.65037E+02	 1.37484E+03
 6.67768E+02	 1.37608E+03
 6.70498E+02	 1.37598E+03
 6.73227E+02	 1.37400E+03
 6.75955E+02	 1.37556E+03
 6.78682E+02	 1.37538E+03
 6.81409E+02	 1.37308E+03
 6.84134E+02	 1.37578E+03
 6.86858E+02	 1.37506E+03
 6.89582E+02	 1.37482E+03
 6.92305E+02	 1.37566E+03
 6.95026E+02	 1.37562E+03
 6.97747E+02	 1.37590E+03
 7.00467E+02	 1.37534E+03
 7.03186E+02	 1.37640E+03
 7.05905E+02	 1.37786E+03
 7.08622E+02	 1.37766E+03
 7.11338E+02	 1.37924E+03
 7.14054E+02	 1.37982E+03
 7.16768E+02	 1.37822E+03
 7.19482E+02	 1.37960E+03
 7.22195E+02	 1.37916E+03
 7.24907E+02	 1.37776E+03
 7.27618E+02	 1.38020E+03
 7.30328E+02	 1.38102E+03
 7.33037E+02	 1.37986E+03
 7.35745E+02	 1.38246E+03
 7.38453E+02	 1.38110E+03
 7.41159E+02	 1.38014E+03
 7.43865E+02	 1.38216E+03
 7.46569E+02	 1.38302E+03
 7.49273E+02	 1.38118E+03
 7.51976E+02	 1.38266E+03
 7.54678E+02	 1.38418E+03
 7.57379E+02	 1.38368E+03
 7.60080E+02	 1.38288E+03
 7.62779E+02	 1.38336E+03
 7.65478E+02	 1.38374E+03
 7.68175E+02	 1.38344E+03
 7.70872E+02	 1.38488E+03
 7.73568E+02	 1.38456E+03
 7.76263E+02	 1.38284E+03
 7.78957E+02	 1.38238E+03
 7.81650E+02	 1.38156E+03
 7.84342E+02	 1.38362E+03
 7.87034E+02	 1.38206E+03
 7.89724E+02	 1.38174E+03
 7.92414E+02	 1.38086E+03
 7.95103E+02	 1.38210E+03
 7.97791E+02	 1.37896E+03
 8.00478E+02	 1.38262E+03
 8.03164E+02	 1.38040E+03
 8.05849E+02	 1.37866E+03
 8.08533E+02	 1.37812E+03
 8.11217E+02	 1.37778E+03
 8.13899E+02	 1.37932E+03
 8.16581E+02	 1.37714E+03
 8.19262E+02	 1.38052E+03
 8.21942E+02	 1.37938E+03
 8.24621E+02	 1.37754E+03
 8.27299E+02	 1.37730E+03
 8.29977E+02	 1.37892E+03
 8.32653E+02	 1.38098E+03
 8.35329E+02	 1.37962E+03
 8.38003E+02	 1.37724E+03
 8.40677E+02	 1.37932E+03
 8.43350E+02	 1.38062E+03
 8.46022E+02	 1.37916E+03
 8.48693E+02	 1.37790E+03
 8.51364E+02	 1.37880E+03
 8.54033E+02	 1.37972E+03
 8.56702E+02	 1.37986E+03
 8.59370E+02	 1.38000E+03
 8.62036E+02	 1.38034E+03
 8.64702E+02	 1.37824E+03
 8.67367E+02	 1.37968E+03
 8.70032E+02	 1.38044E+03
 8.72695E+02	 1.37916E+03
 8.75358E+02	 1.38076E+03
 8.78019E+02	 1.37898E+03
 8.80680E+02	 1.37940E+03
 8.83340E+02	 1.37862E+03
 8.85999E+02	 1.37788E+03
 8.88657E+02	 1.37872E+03
 8.91314E+02	 1.37978E+03
 8.93971E+02	 1.37982E+03
 8.96626E+02	 1.37792E+03
 8.99281E+02	 1.37806E+03
 9.01935E+02	 1.37940E+03
 9.04588E+02	 1.38040E+03
 9.07240E+02	 1.37976E+03
 9.09891E+02	 1.37984E+03
 9.12541E+02	 1.37742E+03
 9.15191E+02	 1.38068E+03
 9.17840E+02	 1.37894E+03
 9.20487E+02	 1.37698E+03
 9.23134E+02	 1.37744E+03
 9.25780E+02	 1.37646E+03
 9.28426E+02	 1.37788E+03
 9.31070E+02	 1.37604E+03
 9.33714E+02	 1.37608E+03
 9.36356E+02	 1.37436E+03
 9.38998E+02	 1.37172E+03
 9.41639E+02	 1.37206E+03
 9.44279E+02	 1.37176E+03
 9.46918E+02	 1.36966E+03
 9.49557E+02	 1.37024E+03
 9.52194E+02	 1.37026E+03
 9.54831E+02	 1.36700E+03
 9.57466E+02	 1.36696E+03
 9.60101E+02	 1.36624E+03
 9.62735E+02	 1.36694E+03
 9.65369E+02	 1.36788E+03
 9.68001E+02	 1.36610E+03
 9.70633E+02	 1.36806E+03
 9.73263E+02	 1.36744E+03
 9.75893E+02	 1.36530E+03
 9.78522E+02	 1.36810E+03
 9.81150E+02	 1.36632E+03
 9.83777E+02	 1.36604E+03
 9.86404E+02	 1.36530E+03
 9.89029E+02	 1.36670E+03
 9.91654E+02	 1.36668E+03
 9.94278E+02	 1.36780E+03
 9.96901E+02	 1.36604E+03
 9.99523E+02	 1.36570E+03
 1.00214E+03	 1.36656E+03
 1.00477E+03	 1.36548E+03
 1.00738E+03	 1.36764E+03
 1.01000E+03	 1.36484E+03
 1.01262E+03	 1.36598E+03
 1.01524E+03	 1.36500E+03
 1.01785E+03	 1.36580E+03
 1.02047E+03	 1.36478E+03
 1.02308E+03	 1.36582E+03
 1.02570E+03	 1.36504E+03
 1.02831E+03	 1.36512E+03
 1.03092E+03	 1.36472E+03
 1.03353E+03	 1.36460E+03
 1.03614E+03	 1.36506E+03
 1.03875E+03	 1.36450E+03
 1.04136E+03	 1.36458E+03
 1.04397E+03	 1.36650E+03
 1.04658E+03	 1.36584E+03
 1.04918E+03	 1.36688E+03
 1.05179E+03	 1.36522E+03
 1.05439E+03	 1.36496E+03
 1.05700E+03	 1.36496E+03
 1.05960E+03	 1.36620E+03
 1.06220E+03	 1.36350E+03
 1.06480E+03	 1.36500E+03
 1.06740E+03	 1.36524E+03
 1.07000E+03	 1.36490E+03
 1.07260E+03	 1.36582E+03
 1.07520E+03	 1.36494E+03
 1.07780E+03	 1.36496E+03
 1.08039E+03	 1.36604E+03
 1.08299E+03	 1.36498E+03
 1.08558E+03	 1.36492E+03
 1.08818E+03	 1.36682E+03
 1.09077E+03	 1.36454E+03
 1.09336E+03	 1.36570E+03
 1.09595E+03	 1.36406E+03
 1.09854E+03	 1.36498E+03
 1.10113E+03	 1.36588E+03
 1.10372E+03	 1.36532E+03
 1.10631E+03	 1.36530E+03
 1.10890E+03	 1.36460E+03
 1.11148E+03	 1.36378E+03
 1.11407E+03	 1.36356E+03
 1.11665E+03	 1.36526E+03
 1.11924E+03	 1.36538E+03
 1.12182E+03	 1.36362E+03
 1.12440E+03	 1.36480E+03
 1.12698E+03	 1.36436E+03
 1.12956E+03	 1.36480E+03
 1.13214E+03	 1.36500E+03
 1.13472E+03	 1.36502E+03
 1.13730E+03	 1.36746E+03
 1.13987E+03	 1.36404E+03
 1.14245E+03	 1.36448E+03
 1.14503E+03	 1.36494E+03
 1.14760E+03	 1.36526E+03
 1.15017E+03	 1.36380E+03
 1.15275E+03	 1.36622E+03
 1.15532E+03	 1.36574E+03
 1.15789E+03	 1.36636E+03
 1.16046E+03	 1.36474E+03
 1.16303E+03	 1.36570E+03
 1.16560E+03	 1.36492E+03
 1.16817E+03	 1.36608E+03
 1.17074E+03	 1.36684E+03
 1.17330E+03	 1.36444E+03
 1.17587E+03	 1.36444E+03
 1.17843E+03	 1.36524E+03
 1.18100E+03	 1.36442E+03
 1.18356E+03	 1.36440E+03
 1.18612E+03	 1.36398E+03
 1.18868E+03	 1.36636E+03
 1.19124E+03	 1.36476E+03
 1.19380E+03	 1.36540E+03
 1.19636E+03	 1.36508E+03
 1.19892E+03	 1.36644E+03
 1.20148E+03	 1.36464E+03
 1.20404E+03	 1.36466E+03
 1.20659E+03	 1.36566E+03
 1.20915E+03	 1.36496E+03
 1.21170E+03	 1.36448E+03
 1.21425E+03	 1.36444E+03
 1.21681E+03	 1.36546E+03
 1.21936E+03	 1.36346E+03
 1.22191E+03	 1.36438E+03
 1.22446E+03	 1.36448E+03
 1.22701E+03	 1.36468E+03
 1.22956E+03	 1.36382E+03
 1.23210E+03	 1.36492E+03
 1.23465E+03	 1.36596E+03
 1.23720E+03	 1.36404E+03
 1.23974E+03	 1.36598E+03
 1.24229E+03	 1.36418E+03
 1.24483E+03	 1.36368E+03
 1.24737E+03	 1.36366E+03
 1.24992E+03	 1.36416E+03
 1.25246E+03	 1.36438E+03
 1.25500E+03	 1.36464E+03
 1.25754E+03	 1.36464E+03
 1.26008E+03	 1.36600E+03
 1.26261E+03	 1.36524E+03
 1.26515E+03	 1.36372E+03
 1.26769E+03	 1.36564E+03
 1.27022E+03	 1.36432E+03
 1.27276E+03	 1.36456E+03
 1.27529E+03	 1.36484E+03
 1.27783E+03	 1.36484E+03
 1.28036E+03	 1.36546E+03
 1.28289E+03	 1.36392E+03
 1.28542E+03	 1.36646E+03
 1.28795E+03	 1.36406E+03
 1.29048E+03	 1.36488E+03
 1.29301E+03	 1.36624E+03
 1.29554E+03	 1.36464E+03
 1.29806E+03	 1.36442E+03
 1.30059E+03	 1.36352E+03
 1.30311E+03	 1.36564E+03
 1.30564E+03	 1.36338E+03
 1.30816E+03	 1.36562E+03
 1.31069E+03	 1.36464E+03
 1.31321E+03	 1.36558E+03
 1.31573E+03	 1.36368E+03
 1.31825E+03	 1.36492E+03
 1.32077E+03	 1.36542E+03
 1.32329E+03	 1.36670E+03
 1.32581E+03	 1.36430E+03
 1.32832E+03	 1.36496E+03
 1.33084E+03	 1.36424E+03
 1.33336E+03	 1.36534E+03
 1.33587E+03	 1.36538E+03
 1.33838E+03	 1.36548E+03
 1.34090E+03	 1.36682E+03
 1.34341E+03	 1.36552E+03
 1.34592E+03	 1.36582E+03
 1.34843E+03	 1.36752E+03
 1.35094E+03	 1.36468E+03
 1.35345E+03	 1.36646E+03
 1.35596E+03	 1.36444E+03
 1.35847E+03	 1.36594E+03
 1.36098E+03	 1.36628E+03
 1.36348E+03	 1.36656E+03
 1.36599E+03	 1.36596E+03
 1.36849E+03	 1.36548E+03
 1.37100E+03	 1.36540E+03
 1.37350E+03	 1.36482E+03
 1.37600E+03	 1.36594E+03
 1.37850E+03	 1.36404E+03
 1.38100E+03	 1.36492E+03
 1.38350E+03	 1.36658E+03
 1.38600E+03	 1.36658E+03
 1.38850E+03	 1.36556E+03
 1.39100E+03	 1.36504E+03
 1.39350E+03	 1.36564E+03
 1.39599E+03	 1.36410E+03
 1.39849E+03	 1.36444E+03
 1.40098E+03	 1.36622E+03
 1.40348E+03	 1.36584E+03
 1.40597E+03	 1.36586E+03
 1.40846E+03	 1.36428E+03
 1.41095E+03	 1.36484E+03
 1.41344E+03	 1.36458E+03
 1.41593E+03	 1.36516E+03
 1.41842E+03	 1.36398E+03
 1.42091E+03	 1.36566E+03
 1.42340E+03	 1.36424E+03
 1.42588E+03	 1.36496E+03
 1.42837E+03	 1.36520E+03
 1.43086E+03	 1.36340E+03
 1.43334E+03	 1.36418E+03
 1.43582E+03	 1.36398E+03
 1.43831E+03	 1.36574E+03
 1.44079E+03	 1.36490E+03
 1.44327E+03	 1.36512E+03
 1.44575E+03	 1.36524E+03
 1.44823E+03	 1.36462E+03
 1.45071E+03	 1.36304E+03
 1.45319E+03	 1.36360E+03
 1.45566E+03	 1.36430E+03
 1.45814E+03	 1.36440E+03
 1.46062E+03	 1.36224E+03
 1.46309E+03	 1.36466E+03
 1.46557E+03	 1.36436E+03
 1.46804E+03	 1.36340E+03
 1.47051E+03	 1.36534E+03
 1.47298E+03	 1.36344E+03
 1.47546E+03	 1.36396E+03
 1.47793E+03	 1.36404E+03
 1.48040E+03	 1.36210E+03
 1.48286E+03	 1.36358E+03
 1.48533E+03	 1.36574E+03
 1.48780E+03	 1.36416E+03
 1.49027E+03	 1.36326E+03
 1.49273E+03	 1.36278E+03
 1.49520E+03	 1.36406E+03
 1.49766E+03	 1.36168E+03
 1.50013E+03	 1.36178E+03
 1.50259E+03	 1.36396E+03
 1.50505E+03	 1.36212E+03
 1.50751E+03	 1.36294E+03
 1.50997E+03	 1.36458E+03
 1.51243E+03	 1.36310E+03
 1.51489E+03	 1.36342E+03
 1.51735E+03	 1.36358E+03
 1.51981E+03	 1.36324E+03
 1.52226E+03	 1.36318E+03
 1.52472E+03	 1.36342E+03
 1.52718E+03	 1.36314E+03
 1.52963E+03	 1.36456E+03
 1.53208E+03	 1.36430E+03
 1.53454E+03	 1.36268E+03
 1.53699E+03	 1.36318E+03
 1.53944E+03	 1.36308E+03
 1.54189E+03	 1.36308E+03
 1.54434E+03	 1.36426E+03
 1.54679E+03	 1.36262E+03
 1.54924E+03	 1.36464E+03
 1.55169E+03	 1.36378E+03
 1.55413E+03	 1.36458E+03
 1.55658E+03	 1.36314E+03
 1.55902E+03	 1.36426E+03
 1.56147E+03	 1.36254E+03
 1.56391E+03	 1.36476E+03
 1.56636E+03	 1.36456E+03
 1.56880E+03	 1.36434E+03
 1.57124E+03	 1.36338E+03
 1.57368E+03	 1.36236E+03
 1.57612E+03	 1.36436E+03
 1.57856E+03	 1.36426E+03
 1.58100E+03	 1.36348E+03
 1.58344E+03	 1.36244E+03
 1.58587E+03	 1.36210E+03
 1.58831E+03	 1.36366E+03
 1.59074E+03	 1.36160E+03
 1.59318E+03	 1.36406E+03
 1.59561E+03	 1.36478E+03
 1.59805E+03	 1.36368E+03
 1.60048E+03	 1.36234E+03
 1.60291E+03	 1.36242E+03
 1.60534E+03	 1.36114E+03
 1.60777E+03	 1.36220E+03
 1.61020E+03	 1.36330E+03
 1.61263E+03	 1.36100E+03
 1.61506E+03	 1.36112E+03
 1.61749E+03	 1.36236E+03
 1.61991E+03	 1.36008E+03
 1.62234E+03	 1.36040E+03
 1.62476E+03	 1.36194E+03
 1.62719E+03	 1.36320E+03
 1.62961E+03	 1.36014E+03
 1.63203E+03	 1.36220E+03
 1.63446E+03	 1.36082E+03
 1.63688E+03	 1.36084E+03
 1.63930E+03	 1.36106E+03
 1.64172E+03	 1.36102E+03
 1.64414E+03	 1.36066E+03
 1.64656E+03	 1.35964E+03
 1.64897E+03	 1.36010E+03
 1.65139E+03	 1.36098E+03
 1.65381E+03	 1.36028E+03
 1.65622E+03	 1.36124E+03
 1.65864E+03	 1.35882E+03
 1.66105E+03	 1.35926E+03
 1.66346E+03	 1.36082E+03
 1.66588E+03	 1.35964E+03
 1.66829E+03	 1.36034E+03
 1.67070E+03	 1.36024E+03
 1.67311E+03	 1.35998E+03
 1.67552E+03	 1.35846E+03
 1.67793E+03	 1.35950E+03
 1.68034E+03	 1.35864E+03
 1.68274E+03	 1.36036E+03
 1.68515E+03	 1.35954E+03
 1.68756E+03	 1.35878E+03
 1.68996E+03	 1.35958E+03
 1.69236E+03	 1.35912E+03
 1.69477E+03	 1.35986E+03
 1.69717E+03	 1.35950E+03
 1.69957E+03	 1.36086E+03
 1.70197E+03	 1.35900E+03
 1.70438E+03	 1.36026E+03
 1.70678E+03	 1.36020E+03
 1.70917E+03	 1.35896E+03
 1.71157E+03	 1.35962E+03
 1.71397E+03	 1.35918E+03
 1.71637E+03	 1.35786E+03
 1.71876E+03	 1.36074E+03
 1.72116E+03	 1.35792E+03
 1.72355E+03	 1.35894E+03
 1.72595E+03	 1.35810E+03
 1.72834E+03	 1.35946E+03
 1.73073E+03	 1.35886E+03
 1.73313E+03	 1.35822E+03
 1.73552E+03	 1.35836E+03
 1.73791E+03	 1.35814E+03
 1.74030E+03	 1.35908E+03
 1.74269E+03	 1.35902E+03
 1.74507E+03	 1.35732E+03
 1.74746E+03	 1.35988E+03
 1.74985E+03	 1.35814E+03
 1.75224E+03	 1.35952E+03
 1.75462E+03	 1.35874E+03
 1.75701E+03	 1.35924E+03
 1.75939E+03	 1.35828E+03
 1.76177E+03	 1.35876E+03
 1.76415E+03	 1.35846E+03
 1.76654E+03	 1.35810E+03
 1.76892E+03	 1.36042E+03
 1.77130E+03	 1.35832E+03
 1.77368E+03	 1.35712E+03
 1.77606E+03	 1.35844E+03
 1.77843E+03	 1.35848E+03
 1.78081E+03	 1.35776E+03
 1.78319E+03	 1.35892E+03
 1.78556E+03	 1.35812E+03
 1.78794E+03	 1.35802E+03
 1.79031E+03	 1.35888E+03
 1.79269E+03	 1.35872E+03
 1.79506E+03	 1.35874E+03
 1.79743E+03	 1.35938E+03
 1.79981E+03	 1.35728E+03
 1.80218E+03	 1.35826E+03
 1.80455E+03	 1.35738E+03
 1.80692E+03	 1.35868E+03
 1.80928E+03	 1.35790E+03
 1.81165E+03	 1.35782E+03
 1.81402E+03	 1.35802E+03
 1.81639E+03	 1.35690E+03
 1.81875E+03	 1.35738E+03
 1.82112E+03	 1.35778E+03
 1.82348E+03	 1.35724E+03
 1.82585E+03	 1.35752E+03
 1.82821E+03	 1.35730E+03
 1.83057E+03	 1.35776E+03
 1.83293E+03	 1.35790E+03
 1.83529E+03	 1.35680E+03
 1.83765E+03	 1.35802E+03
 1.84001E+03	 1.35674E+03
 1.84237E+03	 1.35646E+03
 1.84473E+03	 1.35784E+03
 1.84709E+03	 1.35652E+03
 1.84944E+03	 1.35736E+03
 1.85180E+03	 1.35856E+03
 1.85416E+03	 1.35616E+03
 1.85651E+03	 1.35702E+03
 1.85886E+03	 1.35794E+03
 1.86122E+03	 1.35784E+03
 1.86357E+03	 1.35742E+03
 1.86592E+03	 1.35754E+03
 1.86827E+03	 1.35818E+03
 1.87062E+03	 1.35742E+03
 1.87297E+03	 1.35826E+03
 1.87532E+03	 1.35644E+03
 1.87767E+03	 1.35564E+03
 1.88002E+03	 1.35708E+03
 1.88236E+03	 1.35684E+03
 1.88471E+03	 1.35834E+03
 1.88705E+03	 1.35688E+03
 1.88940E+03	 1.35760E+03
 1.89174E+03	 1.35648E+03
 1.89409E+03	 1.35706E+03
 1.89643E+03	 1.35806E+03
 1.89877E+03	 1.35702E+03
 1.90111E+03	 1.35902E+03
 1.90345E+03	 1.35766E+03
 1.90579E+03	 1.35654E+03
 1.90813E+03	 1.35632E+03
 1.91047E+03	 1.35660E+03
 1.91281E+03	 1.35692E+03
 1.91514E+03	 1.35766E+03
 1.91748E+03	 1.35688E+03
 1.91981E+03	 1.35714E+03
 1.92215E+03	 1.35668E+03
 1.92448E+03	 1.35698E+03
 1.92682E+03	 1.35626E+03
 1.92915E+03	 1.35752E+03
 1.93148E+03	 1.35732E+03
 1.93381E+03	 1.35612E+03
 1.93614E+03	 1.35636E+03
 1.93847E+03	 1.35612E+03
 1.94080E+03	 1.35746E+03
 1.94313E+03	 1.35798E+03
 1.94546E+03	 1.35662E+03
 1.94778E+03	 1.35662E+03
 1.95011E+03	 1.35728E+03
 1.95244E+03	 1.35672E+03
 1.95476E+03	 1.35684E+03
 1.95709E+03	 1.35642E+03
 1.95941E+03	 1.35594E+03
 1.96173E+03	 1.35772E+03
 1.96405E+03	 1.35660E+03
 1.96638E+03	 1.35600E+03
 1.96870E+03	 1.35722E+03
 1.97102E+03	 1.35536E+03
 1.97334E+03	 1.35580E+03
 1.97566E+03	 1.35814E+03
 1.97797E+03	 1.35672E+03
 1.98029E+03	 1.35784E+03
 1.98261E+03	 1.35648E+03
 1.98492E+03	 1.35752E+03
 1.98724E+03	 1.35614E+03
 1.98955E+03	 1.35592E+03
 1.99187E+03	 1.35502E+03
 1.99418E+03	 1.35712E+03
 1.99649E+03	 1.35672E+03
 1.99880E+03	 1.35730E+03
 2.00112E+03	 1.35604E+03
 2.00343E+03	 1.35732E+03
 2.00574E+03	 1.35638E+03
 2.00804E+03	 1.35686E+03
 2.01035E+03	 1.35802E+03
 2.01266E+03	 1.35618E+03
 2.01497E+03	 1.35654E+03
 2.01727E+03	 1.35740E+03
 2.01958E+03	 1.35632E+03
 2.02188E+03	 1.35592E+03
 2.02419E+03	 1.35624E+03
 2.02649E+03	 1.35652E+03
 2.02880E+03	 1.35772E+03
 2.03110E+03	 1.35622E+03
 2.03340E+03	 1.35702E+03
 2.03570E+03	 1.35494E+03
 2.03800E+03	 1.35656E+03
 2.04030E+03	 1.35656E+03
 2.04260E+03	 1.35650E+03
 2.04490E+03	 1.35596E+03
 2.04719E+03	 1.35652E+03
 2.04949E+03	 1.35670E+03
 2.05179E+03	 1.35542E+03
 2.05408E+03	 1.35628E+03
 2.05638E+03	 1.35672E+03
 2.05867E+03	 1.35712E+03
 2.06096E+03	 1.35570E+03
 2.06326E+03	 1.35656E+03
 2.06555E+03	 1.35610E+03
 2.06784E+03	 1.35748E+03
 2.07013E+03	 1.35732E+03
 2.07242E+03	 1.35608E+03
 2.07471E+03	 1.35584E+03
 2.07700E+03	 1.35664E+03
 2.07929E+03	 1.35722E+03
 2.08157E+03	 1.35590E+03
 2.08386E+03	 1.35608E+03
 2.08615E+03	 1.35582E+03
 2.08843E+03	 1.35568E+03
 2.09072E+03	 1.35576E+03
 2.09300E+03	 1.35550E+03
 2.09528E+03	 1.35592E+03
 2.09756E+03	 1.35606E+03
 2.09985E+03	 1.35496E+03
 2.10213E+03	 1.35650E+03
 2.10441E+03	 1.35608E+03
 2.10669E+03	 1.35626E+03
 2.10897E+03	 1.35606E+03
 2.11125E+03	 1.35508E+03
 2.11352E+03	 1.35644E+03
 2.11580E+03	 1.35532E+03
 2.11808E+03	 1.35650E+03
 2.12035E+03	 1.35612E+03
 2.12263E+03	 1.35696E+03
 2.12490E+03	 1.35558E+03
 2.12718E+03	 1.35628E+03
 2.12945E+03	 1.35604E+03
 2.13172E+03	 1.35540E+03
 2.13399E+03	 1.35716E+03
 2.13626E+03	 1.35648E+03
 2.13853E+03	 1.35468E+03
 2.14080E+03	 1.35634E+03
 2.14307E+03	 1.35608E+03
 2.14534E+03	 1.35644E+03
 2.14761E+03	 1.35636E+03
 2.14988E+03	 1.35570E+03
 2.15214E+03	 1.35536E+03
 2.15441E+03	 1.35710E+03
 2.15667E+03	 1.35534E+03
 2.15894E+03	 1.35678E+03
 2.16120E+03	 1.35584E+03
 2.16346E+03	 1.35610E+03
 2.16573E+03	 1.35646E+03
 2.16799E+03	 1.35578E+03
 2.17025E+03	 1.35588E+03
 2.17251E+03	 1.35642E+03
 2.17477E+03	 1.35520E+03
 2.17703E+03	 1.35554E+03
 2.17929E+03	 1.35602E+03
 2.18154E+03	 1.35562E+03
 2.18380E+03	 1.35528E+03
 2.18606E+03	 1.35626E+03
 2.18831E+03	 1.35520E+03
 2.19057E+03	 1.35582E+03
 2.19282E+03	 1.35664E+03
 2.19508E+03	 1.35440E+03
 2.19733E+03	 1.35498E+03
 2.19958E+03	 1.35586E+03
 2.20183E+03	 1.35624E+03
 2.20409E+03	 1.35384E+03
 2.20634E+03	 1.35568E+03
 2.20859E+03	 1.35564E+03
 2.21083E+03	 1.35520E+03
 2.21308E+03	 1.35582E+03
 2.21533E+03	 1.35546E+03
 2.21758E+03	 1.35462E+03
 2.21982E+03	 1.35444E+03
 2.22207E+03	 1.35710E+03
 2.22432E+03	 1.35548E+03
 2.22656E+03	 1.35620E+03
 2.22880E+03	 1.35796E+03
 2.23105E+03	 1.35648E+03
 2.23329E+03	 1.35576E+03
 2.23553E+03	 1.35576E+03
 2.23777E+03	 1.35734E+03
 2.24001E+03	 1.35576E+03
 2.24225E+03	 1.35384E+03
 2.24449E+03	 1.35460E+03
 2.24673E+03	 1.35628E+03
 2.24897E+03	 1.35600E+03
 2.25121E+03	 1.35508E+03
 2.25344E+03	 1.35648E+03
 2.25568E+03	 1.35494E+03
 2.25791E+03	 1.35654E+03
 2.26015E+03	 1.35504E+03
 2.26238E+03	 1.35462E+03
 2.26462E+03	 1.35578E+03
 2.26685E+03	 1.35468E+03
 2.26908E+03	 1.35682E+03
 2.27131E+03	 1.35624E+03
 2.27354E+03	 1.35546E+03
 2.27577E+03	 1.35516E+03
 2.27800E+03	 1.35528E+03
 2.28023E+03	 1.35548E+03
 2.28246E+03	 1.35502E+03
 2.28469E+03	 1.35640E+03
 2.28692E+03	 1.35508E+03
 2.28914E+03	 1.35622E+03
 2.29137E+03	 1.35698E+03
 2.29359E+03	 1.35484E+03
 2.29582E+03	 1.35572E+03
 2.29804E+03	 1.35982E+03
 2.30026E+03	 1.35480E+03
 2.30249E+03	 1.35538E+03
 2.30471E+03	 1.35656E+03
 2.30693E+03	 1.35482E+03
 2.30915E+03	 1.35566E+03
 2.31137E+03	 1.35472E+03
 2.31359E+03	 1.35604E+03
 2.31581E+03	 1.35506E+03
 2.31802E+03	 1.35604E+03
 2.32024E+03	 1.35610E+03
 2.32246E+03	 1.35558E+03
 2.32467E+03	 1.35560E+03
 2.32689E+03	 1.35518E+03
 2.32910E+03	 1.35638E+03
 2.33132E+03	 1.35448E+03
 2.33353E+03	 1.35570E+03
 2.33574E+03	 1.35418E+03
 2.33796E+03	 1.35558E+03
 2.34017E+03	 1.35550E+03
 2.34238E+03	 1.35500E+03
 2.34459E+03	 1.35572E+03
 2.34680E+03	 1.35500E+03
 2.34901E+03	 1.35582E+03
 2.35121E+03	 1.35548E+03
 2.35342E+03	 1.35468E+03
 2.35563E+03	 1.35666E+03
 2.35784E+03	 1.35512E+03
 2.36004E+03	 1.35510E+03
 2.36225E+03	 1.35554E+03
 2.36445E+03	 1.35516E+03
 2.36665E+03	 1.35670E+03
 2.36886E+03	 1.35554E+03
 2.37106E+03	 1.35500E+03
 2.37326E+03	 1.35464E+03
 2.37546E+03	 1.35598E+03
 2.37766E+03	 1.35510E+03
 2.37986E+03	 1.35656E+03
 2.38206E+03	 1.35540E+03
 2.38426E+03	 1.35554E+03
 2.38646E+03	 1.35564E+03
 2.38866E+03	 1.35544E+03
 2.39085E+03	 1.35556E+03
 2.39305E+03	 1.35454E+03
 2.39525E+03	 1.35404E+03
 2.39744E+03	 1.35544E+03
 2.39963E+03	 1.35444E+03
 2.40183E+03	 1.35464E+03
 2.40402E+03	 1.35474E+03
 2.40621E+03	 1.35546E+03
 2.40841E+03	 1.35532E+03
 2.41060E+03	 1.35494E+03
 2.41279E+03	 1.35494E+03
 2.41498E+03	 1.35640E+03
 2.41717E+03	 1.35538E+03
 2.41935E+03	 1.35618E+03
 2.42154E+03	 1.35472E+03
 2.42373E+03	 1.35490E+03
 2.42592E+03	 1.35568E+03
 2.42810E+03	 1.35562E+03
 2.43029E+03	 1.35466E+03
 2.43247E+03	 1.35532E+03
 2.43466E+03	 1.35448E+03
 2.43684E+03	 1.35476E+03
 2.43902E+03	 1.35536E+03
 2.44121E+03	 1.35436E+03
 2.44339E+03	 1.35604E+03
 2.44557E+03	 1.35632E+03
 2.44775E+03	 1.35540E+03
 2.44993E+03	 1.35582E+03
 2.45211E+03	 1.35588E+03
 2.45429E+03	 1.35490E+03
 2.45646E+03	 1.35556E+03
 2.45864E+03	 1.35428E+03
 2.46082E+03	 1.35530E+03
 2.46299E+03	 1.35494E+03
 2.46517E+03	 1.35550E+03
 2.46734E+03	 1.35594E+03
 2.46952E+03	 1.35488E+03
 2.47169E+03	 1.35490E+03
 2.47386E+03	 1.35474E+03
 2.47604E+03	 1.35630E+03
 2.47821E+03	 1.35620E+03
 2.48038E+03	 1.35392E+03
 2.48255E+03	 1.35568E+03
 2.48472E+03	 1.35534E+03
 2.48689E+03	 1.35534E+03
 2.48906E+03	 1.35460E+03
 2.49123E+03	 1.35474E+03
 2.49339E+03	 1.35370E+03
 2.49556E+03	 1.35424E+03
 2.49773E+03	 1.35514E+03
 2.49989E+03	 1.35440E+03
 2.50206E+03	 1.35580E+03
 2.50422E+03	 1.35606E+03
 2.50638E+03	 1.35750E+03
 2.50855E+03	 1.35450E+03
 2.51071E+03	 1.35446E+03
 2.51287E+03	 1.35456E+03
 2.51503E+03	 1.35468E+03
 2.51719E+03	 1.35478E+03
 2.51935E+03	 1.35584E+03
 2.52151E+03	 1.35574E+03
 2.52367E+03	 1.35604E+03
 2.52583E+03	 1.35520E+03
 2.52799E+03	 1.35548E+03
 2.53014E+03	 1.35536E+03
 2.53230E+03	 1.35510E+03
 2.53445E+03	 1.35534E+03
 2.53661E+03	 1.35522E+03
 2.53876E+03	 1.35634E+03
 2.54092E+03	 1.35680E+03
 2.54307E+03	 1.35556E+03
 2.54522E+03	 1.35470E+03
 2.54738E+03	 1.35414E+03
 2.54953E+03	 1.35594E+03
 2.55168E+03	 1.35478E+03
 2.55383E+03	 1.35670E+03
 2.55598E+03	 1.35448E+03
 2.55813E+03	 1.35554E+03
 2.56027E+03	 1.35478E+03
 2.56242E+03	 1.35546E+03
 2.56457E+03	 1.35410E+03
 2.56671E+03	 1.35468E+03
 2.56886E+03	 1.35580E+03
 2.57101E+03	 1.35532E+03
 2.57315E+03	 1.35494E+03
 2.57529E+03	 1.35406E+03
 2.57744E+03	 1.35544E+03
 2.57958E+03	 1.35546E+03
 2.58172E+03	 1.35484E+03
 2.58386E+03	 1.35410E+03
 2.58601E+03	 1.35438E+03
 2.58815E+03	 1.35474E+03
 2.59029E+03	 1.35542E+03
 2.59242E+03	 1.35490E+03
 2.59456E+03	 1.35406E+03
 2.59670E+03	 1.35540E+03
 2.59884E+03	 1.35610E+03
 2.60097E+03	 1.35406E+03
 2.60311E+03	 1.35506E+03
 2.60525E+03	 1.35552E+03
 2.60738E+03	 1.35492E+03
 2.60952E+03	 1.35598E+03
 2.61165E+03	 1.35474E+03
 2.61378E+03	 1.35570E+03
 2.61591E+03	 1.35646E+03
 2.61805E+03	 1.35512E+03
 2.62018E+03	 1.35574E+03
 2.62231E+03	 1.35476E+03
 2.62444E+03	 1.35604E+03
 2.62657E+03	 1.35518E+03
 2.62870E+03	 1.35508E+03
 2.63082E+03	 1.35464E+03
 2.63295E+03	 1.35564E+03
 2.63508E+03	 1.35506E+03
 2.63721E+03	 1.35468E+03
 2.63933E+03	 1.35416E+03
 2.64146E+03	 1.35542E+03
 2.64358E+03	 1.35440E+03
 2.64571E+03	 1.35516E+03
 2.64783E+03	 1.35556E+03
 2.64995E+03	 1.35518E+03
 2.65207E+03	 1.35486E+03
 2.65420E+03	 1.35432E+03
 2.65632E+03	 1.35374E+03
 2.65844E+03	 1.35492E+03
 2.66056E+03	 1.35508E+03
 2.66268E+03	 1.35410E+03
 2.66480E+03	 1.35528E+03
 2.66691E+03	 1.35422E+03
 2.66903E+03	 1.35550E+03
 2.67115E+03	 1.35406E+03
 2.67326E+03	 1.35448E+03
 2.67538E+03	 1.35410E+03
 2.67749E+03	 1.35592E+03
 2.67961E+03	 1.35590E+03
 2.68172E+03	 1.35614E+03
 2.68384E+03	 1.35534E+03
 2.68595E+03	 1.35538E+03
 2.68806E+03	 1.35518E+03
 2.69017E+03	 1.35538E+03
 2.69228E+03	 1.35442E+03
 2.69439E+03	 1.35590E+03
 2.69650E+03	 1.35424E+03
 2.69861E+03	 1.35582E+03
 2.70072E+03	 1.35534E+03
 2.70283E+03	 1.35490E+03
 2.70494E+03	 1.35472E+03
 2.70704E+03	 1.35474E+03
 2.70915E+03	 1.35320E+03
 2.71126E+03	 1.35608E+03
 2.71336E+03	 1.35520E+03
 2.71546E+03	 1.35604E+03
 2.71757E+03	 1.35530E+03
 2.71967E+03	 1.35394E+03
 2.72177E+03	 1.35568E+03
 2.72388E+03	 1.35436E+03
 2.72598E+03	 1.35450E+03
 2.72808E+03	 1.35434E+03
 2.73018E+03	 1.35576E+03
 2.73228E+03	 1.35572E+03
 2.73438E+03	 1.35418E+03
 2.73648E+03	 1.35590E+03
 2.73857E+03	 1.35378E+03
 2.74067E+03	 1.35426E+03
 2.74277E+03	 1.35404E+03
 2.74486E+03	 1.35344E+03
 2.74696E+03	 1.35538E+03
 2.74905E+03	 1.35434E+03
 2.75115E+03	 1.35550E+03
 2.75324E+03	 1.35610E+03
 2.75534E+03	 1.35390E+03
 2.75743E+03	 1.35556E+03
 2.75952E+03	 1.35466E+03
 2.76161E+03	 1.35432E+03
 2.76370E+03	 1.35500E+03
 2.76579E+03	 1.35528E+03
 2.76788E+03	 1.35506E+03
 2.76997E+03	 1.35470E+03
 2.77206E+03	 1.35508E+03
 2.77415E+03	 1.35384E+03
 2.77624E+03	 1.35418E+03
 2.77832E+03	 1.35398E+03
 2.78041E+03	 1.35440E+03
 2.78250E+03	 1.35522E+03
 2.78458E+03	 1.35474E+03
 2.78666E+03	 1.35508E+03
 2.78875E+03	 1.35482E+03
 2.79083E+03	 1.35360E+03
 2.79291E+03	 1.35594E+03
 2.79500E+03	 1.35338E+03
 2.79708E+03	 1.35476E+03
 2.79916E+03	 1.35400E+03
 2.80124E+03	 1.35388E+03
 2.80332E+03	 1.35490E+03
 2.80540E+03	 1.35604E+03
 2.80748E+03	 1.35468E+03
 2.80956E+03	 1.35350E+03
 2.81163E+03	 1.35498E+03
 2.81371E+03	 1.35482E+03
 2.81579E+03	 1.35424E+03
 2.81786E+03	 1.35396E+03
 2.81994E+03	 1.35376E+03
 2.82201E+03	 1.35444E+03
 2.82409E+03	 1.35426E+03
 2.82616E+03	 1.35374E+03
 2.82823E+03	 1.35464E+03
 2.83031E+03	 1.35384E+03
 2.83238E+03	 1.35456E+03
 2.83445E+03	 1.35450E+03
 2.83652E+03	 1.35438E+03
 2.83859E+03	 1.35636E+03
 2.84066E+03	 1.35462E+03
 2.84273E+03	 1.35370E+03
 2.84480E+03	 1.35354E+03
 2.84686E+03	 1.35324E+03
 2.84893E+03	 1.35540E+03
 2.85100E+03	 1.35540E+03
 2.85306E+03	 1.35518E+03
 2.85513E+03	 1.35568E+03
 2.85719E+03	 1.35336E+03
 2.85926E+03	 1.35492E+03
 2.86132E+03	 1.35430E+03
 2.86339E+03	 1.35446E+03
 2.86545E+03	 1.35524E+03
 2.86751E+03	 1.35526E+03
 2.86957E+03	 1.35410E+03
 2.87163E+03	 1.35450E+03
 2.87369E+03	 1.35544E+03
 2.87575E+03	 1.35586E+03
 2.87781E+03	 1.35384E+03
 2.87987E+03	 1.35426E+03
 2.88193E+03	 1.35416E+03
 2.88399E+03	 1.35474E+03
 2.88604E+03	 1.35510E+03
 2.88810E+03	 1.35634E+03
 2.89015E+03	 1.35406E+03
 2.89221E+03	 1.35424E+03
 2.89426E+03	 1.35518E+03
 2.89632E+03	 1.35506E+03
 2.89837E+03	 1.35358E+03
 2.90042E+03	 1.35460E+03
 2.90248E+03	 1.35404E+03
 2.90453E+03	 1.35382E+03
 2.90658E+03	 1.35516E+03
 2.90863E+03	 1.35334E+03
 2.91068E+03	 1.35512E+03
 2.91273E+03	 1.35394E+03
 2.91478E+03	 1.35246E+03
 2.91683E+03	 1.35460E+03
 2.91888E+03	 1.35350E+03
 2.92092E+03	 1.35398E+03
 2.92297E+03	 1.35430E+03
 2.92502E+03	 1.35506E+03
 2.92706E+03	 1.35414E+03
 2.92911E+03	 1.35452E+03
 2.93115E+03	 1.35418E+03
 2.93320E+03	 1.35360E+03
 2.93524E+03	 1.35460E+03
 2.93728E+03	 1.35444E+03
 2.93932E+03	 1.35510E+03
 2.94137E+03	 1.35460E+03
 2.94341E+03	 1.35432E+03
 2.94545E+03	 1.35276E+03
 2.94749E+03	 1.35400E+03
 2.94953E+03	 1.35336E+03
 2.95157E+03	 1.35396E+03
 2.95360E+03	 1.35430E+03
 2.95564E+03	 1.35516E+03
 2.95768E+03	 1.35506E+03
 2.95971E+03	 1.35482E+03
 2.96175E+03	 1.35392E+03
 2.96379E+03	 1.35320E+03
 2.96582E+03	 1.35466E+03
 2.96786E+03	 1.35348E+03
 2.96989E+03	 1.35546E+03
 2.97192E+03	 1.35486E+03
 2.97396E+03	 1.35378E+03
 2.97599E+03	 1.35584E+03
 2.97802E+03	 1.35300E+03
 2.98005E+03	 1.35406E+03
 2.98208E+03	 1.35462E+03
 2.98411E+03	 1.35460E+03
 2.98614E+03	 1.35532E+03
 2.98817E+03	 1.35358E+03
 2.99020E+03	 1.35436E+03
 2.99223E+03	 1.35414E+03
 2.99425E+03	 1.35446E+03
 2.99628E+03	 1.35466E+03
 2.99830E+03	 1.35346E+03
 3.00033E+03	 1.35378E+03
 3.00236E+03	 1.35206E+03
 3.00438E+03	 1.35262E+03
 3.00640E+03	 1.35272E+03
 3.00843E+03	 1.35452E+03
 3.01045E+03	 1.35366E+03
 3.01247E+03	 1.35492E+03
 3.01449E+03	 1.35312E+03
 3.01651E+03	 1.35462E+03
 3.01854E+03	 1.35468E+03
 3.02056E+03	 1.35344E+03
 3.02257E+03	 1.35396E+03
 3.02459E+03	 1.35426E+03
 3.02661E+03	 1.35348E+03
 3.02863E+03	 1.35328E+03
 3.03065E+03	 1.35500E+03
 3.03266E+03	 1.35376E+03
 3.03468E+03	 1.35428E+03
 3.03669E+03	 1.35506E+03
 3.03871E+03	 1.35386E+03
 3.04072E+03	 1.35378E+03
 3.04274E+03	 1.35334E+03
 3.04475E+03	 1.35402E+03
 3.04676E+03	 1.35312E+03
 3.04878E+03	 1.35426E+03
 3.05079E+03	 1.35322E+03
 3.05280E+03	 1.35344E+03
 3.05481E+03	 1.35350E+03
 3.05682E+03	 1.35504E+03
 3.05883E+03	 1.35432E+03
 3.06084E+03	 1.35420E+03
 3.06285E+03	 1.35264E+03
 3.06486E+03	 1.35366E+03
 3.06686E+03	 1.35386E+03
 3.06887E+03	 1.35304E+03
 3.07088E+03	 1.35362E+03
 3.07288E+03	 1.35298E+03
 3.07489E+03	 1.35438E+03
 3.07689E+03	 1.35230E+03
 3.07890E+03	 1.35332E+03
 3.08090E+03	 1.35434E+03
 3.08290E+03	 1.35252E+03
 3.08490E+03	 1.35374E+03
 3.08691E+03	 1.35388E+03
 3.08891E+03	 1.35386E+03
 3.09091E+03	 1.35248E+03
 3.09291E+03	 1.35434E+03
 3.09491E+03	 1.35380E+03
 3.09691E+03	 1.35388E+03
 3.09891E+03	 1.35384E+03
 3.10090E+03	 1.35404E+03
 3.10290E+03	 1.35314E+03
 3.10490E+03	 1.35428E+03
 3.10690E+03	 1.35306E+03
 3.10889E+03	 1.35392E+03
 3.11089E+03	 1.35386E+03
 3.11288E+03	 1.35234E+03
 3.11488E+03	 1.35442E+03
 3.11687E+03	 1.35310E+03
 3.11886E+03	 1.35468E+03
 3.12086E+03	 1.35262E+03
 3.12285E+03	 1.35336E+03
 3.12484E+03	 1.35396E+03
 3.12683E+03	 1.35306E+03
 3.12882E+03	 1.35292E+03
 3.13081E+03	 1.35416E+03
 3.13280E+03	 1.35372E+03
 3.13479E+03	 1.35186E+03
 3.13678E+03	 1.35312E+03
 3.13877E+03	 1.35380E+03
 3.14075E+03	 1.35396E+03
 3.14274E+03	 1.35390E+03
 3.14473E+03	 1.35322E+03
 3.14671E+03	 1.35456E+03
 3.14870E+03	 1.35332E+03
 3.15068E+03	 1.35262E+03
 3.15267E+03	 1.35328E+03
 3.15465E+03	 1.35300E+03
 3.15663E+03	 1.35296E+03
 3.15862E+03	 1.35336E+03
 3.16060E+03	 1.35224E+03
 3.16258E+03	 1.35350E+03
 3.16456E+03	 1.35186E+03
 3.16654E+03	 1.35254E+03
 3.16852E+03	 1.35286E+03
 3.17050E+03	 1.35302E+03
 3.17248E+03	 1.35294E+03
 3.17446E+03	 1.35280E+03
 3.17643E+03	 1.35244E+03
 3.17841E+03	 1.35260E+03
 3.18039E+03	 1.35236E+03
 3.18236E+03	 1.35166E+03
 3.18434E+03	 1.35264E+03
 3.18632E+03	 1.35310E+03
 3.18829E+03	 1.35298E+03
 3.19026E+03	 1.35338E+03
 3.19224E+03	 1.35228E+03
 3.19421E+03	 1.35286E+03
 3.19618E+03	 1.35284E+03
 3.19815E+03	 1.35300E+03
 3.20013E+03	 1.35326E+03
 3.20210E+03	 1.35342E+03
 3.20407E+03	 1.35304E+03
 3.20604E+03	 1.35218E+03
 3.20801E+03	 1.35216E+03
 3.20998E+03	 1.35286E+03
 3.21194E+03	 1.35258E+03
 3.21391E+03	 1.35312E+03
 3.21588E+03	 1.35314E+03
 3.21784E+03	 1.35358E+03
 3.21981E+03	 1.35336E+03
 3.22178E+03	 1.35300E+03
 3.22374E+03	 1.35362E+03
 3.22571E+03	 1.35320E+03
 3.22767E+03	 1.35270E+03
 3.22963E+03	 1.35248E+03
 3.23160E+03	 1.35298E+03
 3.23356E+03	 1.35502E+03
 3.23552E+03	 1.35288E+03
 3.23748E+03	 1.35244E+03
 3.23944E+03	 1.35376E+03
 3.24140E+03	 1.35218E+03
 3.24336E+03	 1.35394E+03
 3.24532E+03	 1.35316E+03
 3.24728E+03	 1.35260E+03
 3.24924E+03	 1.35316E+03
 3.25120E+03	 1.35300E+03
 3.25315E+03	 1.35390E+03
 3.25511E+03	 1.35330E+03
 3.25707E+03	 1.35300E+03
 3.25902E+03	 1.35318E+03
 3.26098E+03	 1.35206E+03
 3.26293E+03	 1.35256E+03
 3.26489E+03	 1.35208E+03
 3.26684E+03	 1.35284E+03
 3.26879E+03	 1.35232E+03
 3.27075E+03	 1.35316E+03
 3.27270E+03	 1.35238E+03
 3.27465E+03	 1.35408E+03
 3.27660E+03	 1.35308E+03
 3.27855E+03	 1.35366E+03
 3.28050E+03	 1.35260E+03
 3.28245E+03	 1.35322E+03
 3.28440E+03	 1.35178E+03
 3.28635E+03	 1.35290E+03
 3.28829E+03	 1.35308E+03
 3.29024E+03	 1.35272E+03
 3.29219E+03	 1.35276E+03
 3.29413E+03	 1.35260E+03
 3.29608E+03	 1.35242E+03
 3.29803E+03	 1.35350E+03
 3.29997E+03	 1.35320E+03
 3.30191E+03	 1.35220E+03
 3.30386E+03	 1.35300E+03
 3.30580E+03	 1.35270E+03
 3.30774E+03	 1.35220E+03
 3.30969E+03	 1.35302E+03
 3.31163E+03	 1.35214E+03
 3.31357E+03	 1.35246E+03
 3.31551E+03	 1.35168E+03
 3.31745E+03	 1.35218E+03
 3.31939E+03	 1.35174E+03
 3.32133E+03	 1.35334E+03
 3.32327E+03	 1.35282E+03
 3.32520E+03	 1.35290E+03
 3.32714E+03	 1.35258E+03
 3.32908E+03	 1.35258E+03
 3.33102E+03	 1.35398E+03
 3.33295E+03	 1.35356E+03
 3.33489E+03	 1.35252E+03
 3.33682E+03	 1.35210E+03
 3.33876E+03	 1.35400E+03
 3.34069E+03	 1.35218E+03
 3.34262E+03	 1.35224E+03
 3.34456E+03	 1.35332E+03
 3.34649E+03	 1.35218E+03
 3.34842E+03	 1.35204E+03
 3.35035E+03	 1.35194E+03
 3.35228E+03	 1.35118E+03
 3.35421E+03	 1.35118E+03
 3.35614E+03	 1.35408E+03
 3.35807E+03	 1.35230E+03
 3.36000E+03	 1.35074E+03
 3.36193E+03	 1.35262E+03
 3.36386E+03	 1.35216E+03
 3.36578E+03	 1.35248E+03
 3.36771E+03	 1.35256E+03
 3.36964E+03	 1.35264E+03
 3.37156E+03	 1.35276E+03
 3.37349E+03	 1.35272E+03
 3.37541E+03	 1.35274E+03
 3.37734E+03	 1.35340E+03
 3.37926E+03	 1.35322E+03
 3.38118E+03	 1.35246E+03
 3.38311E+03	 1.35304E+03
 3.38503E+03	 1.35186E+03
 3.38695E+03	 1.35246E+03
 3.38887E+03	 1.35246E+03
 3.39079E+03	 1.35212E+03
 3.39271E+03	 1.35310E+03
 3.39463E+03	 1.35272E+03
 3.39655E+03	 1.35228E+03
 3.39847E+03	 1.35172E+03
 3.40039E+03	 1.35204E+03
 3.40231E+03	 1.35264E+03
 3.40422E+03	 1.35288E+03
 3.40614E+03	 1.35200E+03
 3.40806E+03	 1.35338E+03
 3.40997E+03	 1.35268E+03
 3.41189E+03	 1.35166E+03
 3.41380E+03	 1.35348E+03
 3.41571E+03	 1.35220E+03
 3.41763E+03	 1.35314E+03
 3.41954E+03	 1.35200E+03
 3.42145E+03	 1.35260E+03
 3.42337E+03	 1.35224E+03
 3.42528E+03	 1.35278E+03
 3.42719E+03	 1.35102E+03
 3.42910E+03	 1.35204E+03
 3.43101E+03	 1.35128E+03
 3.43292E+03	 1.35178E+03
 3.43483E+03	 1.35264E+03
 3.43674E+03	 1.35228E+03
 3.43864E+03	 1.35202E+03
 3.44055E+03	 1.35306E+03
 3.44246E+03	 1.35334E+03
 3.44437E+03	 1.35112E+03
 3.44627E+03	 1.35208E+03
 3.44818E+03	 1.35232E+03
 3.45008E+03	 1.35170E+03
 3.45199E+03	 1.35228E+03
 3.45389E+03	 1.35228E+03
 3.45579E+03	 1.35214E+03
 3.45770E+03	 1.35184E+03
 3.45960E+03	 1.35210E+03
 3.46150E+03	 1.35352E+03
 3.46340E+03	 1.35218E+03
 3.46530E+03	 1.35216E+03
 3.46721E+03	 1.35238E+03
 3.46911E+03	 1.35220E+03
 3.47101E+03	 1.35178E+03
 3.47290E+03	 1.35238E+03
 3.47480E+03	 1.35180E+03
 3.47670E+03	 1.35316E+03
 3.47860E+03	 1.35282E+03
 3.48050E+03	 1.35184E+03
 3.48239E+03	 1.35226E+03
 3.48429E+03	 1.35248E+03
 3.48618E+03	 1.35166E+03
 3.48808E+03	 1.35178E+03
 3.48997E+03	 1.35102E+03
 3.49187E+03	 1.35244E+03
 3.49376E+03	 1.35198E+03
 3.49565E+03	 1.35186E+03
 3.49755E+03	 1.35258E+03
 3.49944E+03	 1.35096E+03
 3.50133E+03	 1.35400E+03
 3.50322E+03	 1.35176E+03
 3.50511E+03	 1.35386E+03
 3.50700E+03	 1.35210E+03
 3.50889E+03	 1.35222E+03
 3.51078E+03	 1.35250E+03
 3.51267E+03	 1.35216E+03
 3.51456E+03	 1.35166E+03
 3.51645E+03	 1.35156E+03
 3.51833E+03	 1.35240E+03
 3.52022E+03	 1.35186E+03
 3.52211E+03	 1.35140E+03
 3.52399E+03	 1.35302E+03
 3.52588E+03	 1.35130E+03
 3.52776E+03	 1.35156E+03
 3.52965E+03	 1.35100E+03
 3.53153E+03	 1.35136E+03
 3.53341E+03	 1.35302E+03
 3.53530E+03	 1.35278E+03
 3.53718E+03	 1.35238E+03
 3.53906E+03	 1.35246E+03
 3.54094E+03	 1.35206E+03
 3.54282E+03	 1.35164E+03
 3.54470E+03	 1.35238E+03
 3.54658E+03	 1.35204E+03
 3.54846E+03	 1.35322E+03
 3.55034E+03	 1.35274E+03
 3.55222E+03	 1.35280E+03
 3.55410E+03	 1.35196E+03
 3.55598E+03	 1.35274E+03
 3.55785E+03	 1.35348E+03
 3.55973E+03	 1.35186E+03
 3.56161E+03	 1.35120E+03
 3.56348E+03	 1.35216E+03
 3.56536E+03	 1.35216E+03
 3.56723E+03	 1.35220E+03
 3.56910E+03	 1.35266E+03
 3.57098E+03	 1.35198E+03
 3.57285E+03	 1.35224E+03
 3.57472E+03	 1.35254E+03
 3.57660E+03	 1.35174E+03
 3.57847E+03	 1.35182E+03
 3.58034E+03	 1.35242E+03
 3.58221E+03	 1.35176E+03
 3.58408E+03	 1.35220E+03
 3.58595E+03	 1.35158E+03
 3.58782E+03	 1.35272E+03
 3.58969E+03	 1.35140E+03
 3.59156E+03	 1.35190E+03
 3.59342E+03	 1.35236E+03
 3.59529E+03	 1.35156E+03
 3.59716E+03	 1.35126E+03
 3.59902E+03	 1.35148E+03
 3.60089E+03	 1.35114E+03
 3.60275E+03	 1.35206E+03
 3.60462E+03	 1.35142E+03
 3.60648E+03	 1.35120E+03
 3.60835E+03	 1.35210E+03
 3.61021E+03	 1.35258E+03
 3.61207E+03	 1.35112E+03
 3.61394E+03	 1.35164E+03
 3.61580E+03	 1.35138E+03
 3.61766E+03	 1.35090E+03
 3.61952E+03	 1.35190E+03
 3.62138E+03	 1.35204E+03
 3.62324E+03	 1.35084E+03
 3.62510E+03	 1.35250E+03
 3.62696E+03	 1.35312E+03
 3.62882E+03	 1.35230E+03
 3.63068E+03	 1.35268E+03
 3.63254E+03	 1.35230E+03
 3.63439E+03	 1.35214E+03
 3.63625E+03	 1.35202E+03
 3.63811E+03	 1.35252E+03
 3.63996E+03	 1.35226E+03
 3.64182E+03	 1.35132E+03
 3.64367E+03	 1.35078E+03
 3.64553E+03	 1.35280E+03
 3.64738E+03	 1.35032E+03
 3.64923E+03	 1.35212E+03
 3.65109E+03	 1.35166E+03
 3.65294E+03	 1.35146E+03
 3.65479E+03	 1.35160E+03
 3.65664E+03	 1.35186E+03
 3.65849E+03	 1.35148E+03
 3.66034E+03	 1.35078E+03
 3.66219E+03	 1.35272E+03
 3.66404E+03	 1.35150E+03
 3.66589E+03	 1.35038E+03
 3.66774E+03	 1.35128E+03
 3.66959E+03	 1.35110E+03
 3.67144E+03	 1.35226E+03
 3.67328E+03	 1.35196E+03
 3.67513E+03	 1.35200E+03
 3.67698E+03	 1.35192E+03
 3.67882E+03	 1.35040E+03
 3.68067E+03	 1.35304E+03
 3.68251E+03	 1.35086E+03
 3.68436E+03	 1.35190E+03
 3.68620E+03	 1.35188E+03
 3.68804E+03	 1.35282E+03
 3.68989E+03	 1.35196E+03
 3.69173E+03	 1.35178E+03
 3.69357E+03	 1.35132E+03
 3.69541E+03	 1.35250E+03
 3.69725E+03	 1.35204E+03
 3.69909E+03	 1.35254E+03
 3.70093E+03	 1.35158E+03
 3.70277E+03	 1.35206E+03
 3.70461E+03	 1.35138E+03
 3.70645E+03	 1.35082E+03
 3.70829E+03	 1.35128E+03
 3.71013E+03	 1.35190E+03
 3.71197E+03	 1.35176E+03
 3.71380E+03	 1.35078E+03
 3.71564E+03	 1.35098E+03
 3.71747E+03	 1.35338E+03
 3.71931E+03	 1.35182E+03
 3.72115E+03	 1.35160E+03
 3.72298E+03	 1.35120E+03
 3.72481E+03	 1.35158E+03
 3.72665E+03	 1.35080E+03
 3.72848E+03	 1.35266E+03
 3.73031E+03	 1.35228E+03
 3.73214E+03	 1.35134E+03
