//Exported ASCII-File
[Header]
FileName = D:\User\JN 25\JN25045\Alex Leide annealing\REFEL Ne 300 2,5dpa\REFEL Si 300 2,5dpa anneal.wip
GraphName = REFEL Si 300 2,5dpa RT After  No Glass--Spectrum--058--Spec.Data 1
SizeX = 1
SizeY = 1
SizeGraph = 1600
PositionUnit = ”m
PositionX = 4897.70000002328
PositionY = 9097.90000002328
PositionZ = 9.33
XAxisUnit = rel. 1/cm
DataUnit = CCD cts

[Data]
X-Axis	REFEL Si 300 2,5dpa RT After  No Glass--Spectrum--058--Spec.Data 1
 2.65845E+01	 1.34644E+03
 2.95325E+01	 1.34730E+03
 3.24795E+01	 1.34720E+03
 3.54254E+01	 1.34642E+03
 3.83703E+01	 1.34784E+03
 4.13142E+01	 1.34684E+03
 4.42570E+01	 1.34716E+03
 4.71989E+01	 1.34686E+03
 5.01397E+01	 1.34706E+03
 5.30795E+01	 1.34672E+03
 5.60182E+01	 1.34748E+03
 5.89559E+01	 1.35244E+03
 6.18927E+01	 1.36216E+03
 6.48283E+01	 1.38822E+03
 6.77630E+01	 1.42210E+03
 7.06967E+01	 1.46236E+03
 7.36293E+01	 1.49136E+03
 7.65609E+01	 1.50654E+03
 7.94915E+01	 1.51560E+03
 8.24211E+01	 1.51970E+03
 8.53496E+01	 1.52488E+03
 8.82771E+01	 1.52782E+03
 9.12037E+01	 1.53452E+03
 9.41292E+01	 1.54032E+03
 9.70536E+01	 1.54256E+03
 9.99771E+01	 1.54458E+03
 1.02900E+02	 1.55118E+03
 1.05821E+02	 1.55674E+03
 1.08741E+02	 1.55762E+03
 1.11661E+02	 1.56454E+03
 1.14579E+02	 1.57072E+03
 1.17497E+02	 1.57012E+03
 1.20413E+02	 1.58288E+03
 1.23328E+02	 1.58924E+03
 1.26243E+02	 1.59312E+03
 1.29156E+02	 1.60674E+03
 1.32068E+02	 1.60550E+03
 1.34980E+02	 1.62086E+03
 1.37890E+02	 1.62152E+03
 1.40799E+02	 1.62712E+03
 1.43708E+02	 1.63796E+03
 1.46615E+02	 1.64590E+03
 1.49521E+02	 1.65454E+03
 1.52427E+02	 1.66058E+03
 1.55331E+02	 1.66958E+03
 1.58234E+02	 1.67484E+03
 1.61137E+02	 1.67496E+03
 1.64038E+02	 1.68642E+03
 1.66938E+02	 1.69048E+03
 1.69837E+02	 1.69104E+03
 1.72736E+02	 1.69414E+03
 1.75633E+02	 1.69620E+03
 1.78529E+02	 1.70236E+03
 1.81425E+02	 1.71046E+03
 1.84319E+02	 1.70666E+03
 1.87212E+02	 1.71974E+03
 1.90105E+02	 1.72380E+03
 1.92996E+02	 1.72786E+03
 1.95886E+02	 1.73000E+03
 1.98775E+02	 1.72924E+03
 2.01664E+02	 1.73348E+03
 2.04551E+02	 1.73396E+03
 2.07437E+02	 1.73682E+03
 2.10323E+02	 1.73714E+03
 2.13207E+02	 1.73012E+03
 2.16090E+02	 1.73678E+03
 2.18973E+02	 1.73882E+03
 2.21854E+02	 1.73730E+03
 2.24735E+02	 1.72776E+03
 2.27614E+02	 1.73050E+03
 2.30492E+02	 1.72776E+03
 2.33370E+02	 1.71906E+03
 2.36246E+02	 1.71790E+03
 2.39122E+02	 1.71834E+03
 2.41996E+02	 1.71428E+03
 2.44870E+02	 1.71616E+03
 2.47742E+02	 1.71100E+03
 2.50614E+02	 1.71082E+03
 2.53484E+02	 1.71780E+03
 2.56354E+02	 1.70790E+03
 2.59222E+02	 1.70886E+03
 2.62090E+02	 1.70882E+03
 2.64956E+02	 1.71076E+03
 2.67822E+02	 1.70508E+03
 2.70687E+02	 1.69822E+03
 2.73550E+02	 1.69304E+03
 2.76413E+02	 1.68628E+03
 2.79275E+02	 1.67838E+03
 2.82135E+02	 1.68468E+03
 2.84995E+02	 1.67894E+03
 2.87854E+02	 1.67782E+03
 2.90711E+02	 1.67156E+03
 2.93568E+02	 1.66908E+03
 2.96424E+02	 1.66760E+03
 2.99279E+02	 1.66882E+03
 3.02133E+02	 1.66112E+03
 3.04986E+02	 1.66832E+03
 3.07838E+02	 1.66008E+03
 3.10689E+02	 1.66068E+03
 3.13538E+02	 1.66220E+03
 3.16387E+02	 1.65920E+03
 3.19236E+02	 1.65526E+03
 3.22083E+02	 1.65582E+03
 3.24929E+02	 1.65952E+03
 3.27774E+02	 1.65992E+03
 3.30618E+02	 1.65092E+03
 3.33461E+02	 1.65052E+03
 3.36303E+02	 1.66170E+03
 3.39145E+02	 1.65194E+03
 3.41985E+02	 1.65704E+03
 3.44824E+02	 1.65396E+03
 3.47663E+02	 1.65646E+03
 3.50500E+02	 1.65422E+03
 3.53336E+02	 1.65508E+03
 3.56172E+02	 1.65772E+03
 3.59006E+02	 1.66030E+03
 3.61840E+02	 1.65796E+03
 3.64672E+02	 1.65816E+03
 3.67504E+02	 1.65906E+03
 3.70335E+02	 1.65938E+03
 3.73164E+02	 1.66244E+03
 3.75993E+02	 1.66630E+03
 3.78821E+02	 1.66132E+03
 3.81648E+02	 1.66360E+03
 3.84473E+02	 1.66082E+03
 3.87298E+02	 1.66028E+03
 3.90122E+02	 1.66278E+03
 3.92945E+02	 1.66280E+03
 3.95767E+02	 1.66756E+03
 3.98588E+02	 1.66112E+03
 4.01408E+02	 1.66494E+03
 4.04227E+02	 1.66684E+03
 4.07046E+02	 1.66444E+03
 4.09863E+02	 1.66182E+03
 4.12679E+02	 1.66926E+03
 4.15494E+02	 1.67066E+03
 4.18309E+02	 1.66560E+03
 4.21122E+02	 1.67100E+03
 4.23935E+02	 1.67060E+03
 4.26746E+02	 1.67176E+03
 4.29557E+02	 1.67208E+03
 4.32366E+02	 1.67518E+03
 4.35175E+02	 1.67500E+03
 4.37983E+02	 1.68222E+03
 4.40790E+02	 1.67602E+03
 4.43595E+02	 1.68542E+03
 4.46400E+02	 1.68378E+03
 4.49204E+02	 1.68136E+03
 4.52007E+02	 1.67924E+03
 4.54809E+02	 1.68316E+03
 4.57610E+02	 1.68590E+03
 4.60410E+02	 1.68244E+03
 4.63210E+02	 1.68602E+03
 4.66008E+02	 1.68516E+03
 4.68805E+02	 1.68428E+03
 4.71602E+02	 1.68514E+03
 4.74397E+02	 1.68900E+03
 4.77192E+02	 1.69156E+03
 4.79985E+02	 1.69108E+03
 4.82778E+02	 1.68928E+03
 4.85569E+02	 1.69968E+03
 4.88360E+02	 1.69784E+03
 4.91150E+02	 1.70270E+03
 4.93939E+02	 1.70836E+03
 4.96727E+02	 1.71666E+03
 4.99514E+02	 1.72450E+03
 5.02300E+02	 1.73370E+03
 5.05085E+02	 1.73522E+03
 5.07869E+02	 1.74926E+03
 5.10652E+02	 1.75262E+03
 5.13435E+02	 1.76868E+03
 5.16216E+02	 1.77654E+03
 5.18996E+02	 1.78526E+03
 5.21776E+02	 1.78348E+03
 5.24554E+02	 1.78822E+03
 5.27332E+02	 1.77744E+03
 5.30109E+02	 1.77394E+03
 5.32885E+02	 1.77304E+03
 5.35659E+02	 1.76664E+03
 5.38433E+02	 1.75758E+03
 5.41206E+02	 1.75880E+03
 5.43978E+02	 1.75826E+03
 5.46750E+02	 1.75568E+03
 5.49520E+02	 1.75130E+03
 5.52289E+02	 1.74760E+03
 5.55057E+02	 1.74790E+03
 5.57825E+02	 1.74976E+03
 5.60591E+02	 1.74430E+03
 5.63357E+02	 1.74762E+03
 5.66122E+02	 1.74068E+03
 5.68885E+02	 1.73556E+03
 5.71648E+02	 1.73482E+03
 5.74410E+02	 1.72730E+03
 5.77171E+02	 1.72708E+03
 5.79931E+02	 1.71782E+03
 5.82690E+02	 1.70512E+03
 5.85448E+02	 1.70102E+03
 5.88206E+02	 1.68428E+03
 5.90962E+02	 1.67004E+03
 5.93717E+02	 1.66588E+03
 5.96472E+02	 1.65782E+03
 5.99225E+02	 1.64302E+03
 6.01978E+02	 1.64076E+03
 6.04730E+02	 1.63560E+03
 6.07481E+02	 1.62676E+03
 6.10231E+02	 1.61114E+03
 6.12980E+02	 1.61104E+03
 6.15728E+02	 1.60594E+03
 6.18475E+02	 1.60628E+03
 6.21221E+02	 1.60122E+03
 6.23967E+02	 1.60138E+03
 6.26711E+02	 1.59164E+03
 6.29454E+02	 1.59076E+03
 6.32197E+02	 1.58780E+03
 6.34939E+02	 1.58932E+03
 6.37680E+02	 1.59016E+03
 6.40419E+02	 1.58718E+03
 6.43158E+02	 1.58822E+03
 6.45896E+02	 1.58710E+03
 6.48634E+02	 1.58952E+03
 6.51370E+02	 1.59320E+03
 6.54105E+02	 1.60188E+03
 6.56840E+02	 1.60514E+03
 6.59573E+02	 1.60964E+03
 6.62306E+02	 1.61638E+03
 6.65037E+02	 1.62316E+03
 6.67768E+02	 1.62452E+03
 6.70498E+02	 1.62434E+03
 6.73227E+02	 1.61932E+03
 6.75955E+02	 1.61576E+03
 6.78682E+02	 1.60582E+03
 6.81409E+02	 1.60548E+03
 6.84134E+02	 1.60182E+03
 6.86858E+02	 1.60394E+03
 6.89582E+02	 1.60314E+03
 6.92305E+02	 1.60350E+03
 6.95026E+02	 1.60602E+03
 6.97747E+02	 1.60794E+03
 7.00467E+02	 1.61120E+03
 7.03186E+02	 1.61588E+03
 7.05905E+02	 1.62294E+03
 7.08622E+02	 1.62628E+03
 7.11338E+02	 1.63356E+03
 7.14054E+02	 1.64582E+03
 7.16768E+02	 1.64050E+03
 7.19482E+02	 1.64942E+03
 7.22195E+02	 1.65764E+03
 7.24907E+02	 1.66610E+03
 7.27618E+02	 1.66070E+03
 7.30328E+02	 1.66688E+03
 7.33037E+02	 1.67260E+03
 7.35745E+02	 1.67146E+03
 7.38453E+02	 1.67838E+03
 7.41159E+02	 1.68664E+03
 7.43865E+02	 1.68808E+03
 7.46569E+02	 1.68626E+03
 7.49273E+02	 1.69252E+03
 7.51976E+02	 1.69972E+03
 7.54678E+02	 1.70478E+03
 7.57379E+02	 1.70642E+03
 7.60080E+02	 1.71136E+03
 7.62779E+02	 1.71636E+03
 7.65478E+02	 1.73164E+03
 7.68175E+02	 1.73440E+03
 7.70872E+02	 1.74334E+03
 7.73568E+02	 1.74406E+03
 7.76263E+02	 1.75586E+03
 7.78957E+02	 1.76392E+03
 7.81650E+02	 1.79096E+03
 7.84342E+02	 1.83738E+03
 7.87034E+02	 1.90564E+03
 7.89724E+02	 1.93840E+03
 7.92414E+02	 1.93706E+03
 7.95103E+02	 1.89304E+03
 7.97791E+02	 1.86102E+03
 8.00478E+02	 1.82518E+03
 8.03164E+02	 1.78040E+03
 8.05849E+02	 1.74814E+03
 8.08533E+02	 1.72342E+03
 8.11217E+02	 1.70824E+03
 8.13899E+02	 1.69912E+03
 8.16581E+02	 1.68996E+03
 8.19262E+02	 1.67824E+03
 8.21942E+02	 1.67578E+03
 8.24621E+02	 1.67062E+03
 8.27299E+02	 1.67268E+03
 8.29977E+02	 1.67912E+03
 8.32653E+02	 1.67662E+03
 8.35329E+02	 1.68192E+03
 8.38003E+02	 1.69168E+03
 8.40677E+02	 1.68738E+03
 8.43350E+02	 1.68122E+03
 8.46022E+02	 1.68696E+03
 8.48693E+02	 1.69292E+03
 8.51364E+02	 1.68642E+03
 8.54033E+02	 1.69030E+03
 8.56702E+02	 1.68682E+03
 8.59370E+02	 1.68478E+03
 8.62036E+02	 1.68724E+03
 8.64702E+02	 1.68448E+03
 8.67367E+02	 1.68388E+03
 8.70032E+02	 1.68286E+03
 8.72695E+02	 1.68144E+03
 8.75358E+02	 1.67714E+03
 8.78019E+02	 1.67866E+03
 8.80680E+02	 1.67758E+03
 8.83340E+02	 1.68018E+03
 8.85999E+02	 1.67686E+03
 8.88657E+02	 1.68134E+03
 8.91314E+02	 1.68300E+03
 8.93971E+02	 1.68256E+03
 8.96626E+02	 1.67410E+03
 8.99281E+02	 1.67430E+03
 9.01935E+02	 1.67464E+03
 9.04588E+02	 1.67686E+03
 9.07240E+02	 1.67922E+03
 9.09891E+02	 1.67896E+03
 9.12541E+02	 1.67898E+03
 9.15191E+02	 1.68326E+03
 9.17840E+02	 1.68604E+03
 9.20487E+02	 1.68564E+03
 9.23134E+02	 1.69822E+03
 9.25780E+02	 1.69346E+03
 9.28426E+02	 1.69194E+03
 9.31070E+02	 1.70216E+03
 9.33714E+02	 1.70666E+03
 9.36356E+02	 1.70912E+03
 9.38998E+02	 1.71460E+03
 9.41639E+02	 1.72192E+03
 9.44279E+02	 1.72602E+03
 9.46918E+02	 1.73992E+03
 9.49557E+02	 1.74038E+03
 9.52194E+02	 1.74918E+03
 9.54831E+02	 1.76104E+03
 9.57466E+02	 1.77956E+03
 9.60101E+02	 1.81166E+03
 9.62735E+02	 1.83082E+03
 9.65369E+02	 1.83742E+03
 9.68001E+02	 1.82776E+03
 9.70633E+02	 1.81352E+03
 9.73263E+02	 1.76492E+03
 9.75893E+02	 1.69614E+03
 9.78522E+02	 1.65100E+03
 9.81150E+02	 1.62662E+03
 9.83777E+02	 1.61672E+03
 9.86404E+02	 1.61398E+03
 9.89029E+02	 1.60762E+03
 9.91654E+02	 1.60172E+03
 9.94278E+02	 1.60350E+03
 9.96901E+02	 1.60568E+03
 9.99523E+02	 1.59860E+03
 1.00214E+03	 1.60442E+03
 1.00477E+03	 1.60236E+03
 1.00738E+03	 1.60238E+03
 1.01000E+03	 1.60486E+03
 1.01262E+03	 1.60138E+03
 1.01524E+03	 1.59534E+03
 1.01785E+03	 1.59482E+03
 1.02047E+03	 1.60304E+03
 1.02308E+03	 1.60174E+03
 1.02570E+03	 1.60178E+03
 1.02831E+03	 1.60016E+03
 1.03092E+03	 1.60380E+03
 1.03353E+03	 1.60850E+03
 1.03614E+03	 1.61480E+03
 1.03875E+03	 1.61698E+03
 1.04136E+03	 1.62322E+03
 1.04397E+03	 1.61996E+03
 1.04658E+03	 1.61850E+03
 1.04918E+03	 1.62394E+03
 1.05179E+03	 1.62138E+03
 1.05439E+03	 1.62164E+03
 1.05700E+03	 1.61776E+03
 1.05960E+03	 1.61420E+03
 1.06220E+03	 1.61772E+03
 1.06480E+03	 1.61232E+03
 1.06740E+03	 1.60742E+03
 1.07000E+03	 1.60372E+03
 1.07260E+03	 1.60318E+03
 1.07520E+03	 1.60342E+03
 1.07780E+03	 1.60390E+03
 1.08039E+03	 1.60210E+03
 1.08299E+03	 1.60270E+03
 1.08558E+03	 1.60574E+03
 1.08818E+03	 1.60168E+03
 1.09077E+03	 1.59982E+03
 1.09336E+03	 1.59756E+03
 1.09595E+03	 1.60470E+03
 1.09854E+03	 1.60320E+03
 1.10113E+03	 1.60222E+03
 1.10372E+03	 1.60716E+03
 1.10631E+03	 1.59702E+03
 1.10890E+03	 1.59960E+03
 1.11148E+03	 1.60378E+03
 1.11407E+03	 1.60070E+03
 1.11665E+03	 1.60356E+03
 1.11924E+03	 1.60320E+03
 1.12182E+03	 1.60690E+03
 1.12440E+03	 1.59756E+03
 1.12698E+03	 1.60328E+03
 1.12956E+03	 1.60206E+03
 1.13214E+03	 1.60516E+03
 1.13472E+03	 1.60396E+03
 1.13730E+03	 1.60002E+03
 1.13987E+03	 1.60398E+03
 1.14245E+03	 1.60056E+03
 1.14503E+03	 1.60290E+03
 1.14760E+03	 1.60258E+03
 1.15017E+03	 1.60114E+03
 1.15275E+03	 1.59854E+03
 1.15532E+03	 1.59626E+03
 1.15789E+03	 1.59854E+03
 1.16046E+03	 1.59606E+03
 1.16303E+03	 1.60448E+03
 1.16560E+03	 1.59764E+03
 1.16817E+03	 1.59290E+03
 1.17074E+03	 1.60240E+03
 1.17330E+03	 1.60240E+03
 1.17587E+03	 1.59260E+03
 1.17843E+03	 1.59536E+03
 1.18100E+03	 1.59484E+03
 1.18356E+03	 1.59902E+03
 1.18612E+03	 1.59240E+03
 1.18868E+03	 1.59762E+03
 1.19124E+03	 1.59866E+03
 1.19380E+03	 1.59412E+03
 1.19636E+03	 1.59674E+03
 1.19892E+03	 1.59334E+03
 1.20148E+03	 1.59432E+03
 1.20404E+03	 1.59982E+03
 1.20659E+03	 1.59556E+03
 1.20915E+03	 1.59830E+03
 1.21170E+03	 1.59872E+03
 1.21425E+03	 1.60100E+03
 1.21681E+03	 1.59540E+03
 1.21936E+03	 1.59528E+03
 1.22191E+03	 1.59604E+03
 1.22446E+03	 1.59854E+03
 1.22701E+03	 1.59400E+03
 1.22956E+03	 1.60302E+03
 1.23210E+03	 1.59700E+03
 1.23465E+03	 1.59596E+03
 1.23720E+03	 1.59696E+03
 1.23974E+03	 1.60222E+03
 1.24229E+03	 1.59726E+03
 1.24483E+03	 1.59868E+03
 1.24737E+03	 1.59834E+03
 1.24992E+03	 1.59952E+03
 1.25246E+03	 1.60372E+03
 1.25500E+03	 1.60504E+03
 1.25754E+03	 1.60148E+03
 1.26008E+03	 1.60848E+03
 1.26261E+03	 1.60896E+03
 1.26515E+03	 1.61204E+03
 1.26769E+03	 1.61068E+03
 1.27022E+03	 1.60976E+03
 1.27276E+03	 1.61140E+03
 1.27529E+03	 1.61200E+03
 1.27783E+03	 1.60546E+03
 1.28036E+03	 1.60898E+03
 1.28289E+03	 1.60192E+03
 1.28542E+03	 1.59962E+03
 1.28795E+03	 1.60162E+03
 1.29048E+03	 1.59886E+03
 1.29301E+03	 1.60394E+03
 1.29554E+03	 1.59486E+03
 1.29806E+03	 1.59886E+03
 1.30059E+03	 1.60116E+03
 1.30311E+03	 1.60338E+03
 1.30564E+03	 1.59932E+03
 1.30816E+03	 1.59622E+03
 1.31069E+03	 1.60438E+03
 1.31321E+03	 1.59988E+03
 1.31573E+03	 1.60088E+03
 1.31825E+03	 1.60020E+03
 1.32077E+03	 1.60184E+03
 1.32329E+03	 1.60002E+03
 1.32581E+03	 1.60074E+03
 1.32832E+03	 1.59864E+03
 1.33084E+03	 1.60060E+03
 1.33336E+03	 1.59854E+03
 1.33587E+03	 1.60148E+03
 1.33838E+03	 1.59822E+03
 1.34090E+03	 1.60346E+03
 1.34341E+03	 1.60204E+03
 1.34592E+03	 1.59848E+03
 1.34843E+03	 1.60334E+03
 1.35094E+03	 1.60200E+03
 1.35345E+03	 1.60108E+03
 1.35596E+03	 1.60234E+03
 1.35847E+03	 1.60286E+03
 1.36098E+03	 1.60120E+03
 1.36348E+03	 1.60414E+03
 1.36599E+03	 1.60336E+03
 1.36849E+03	 1.60416E+03
 1.37100E+03	 1.59884E+03
 1.37350E+03	 1.59820E+03
 1.37600E+03	 1.59944E+03
 1.37850E+03	 1.59992E+03
 1.38100E+03	 1.60248E+03
 1.38350E+03	 1.59972E+03
 1.38600E+03	 1.60208E+03
 1.38850E+03	 1.59460E+03
 1.39100E+03	 1.59842E+03
 1.39350E+03	 1.59656E+03
 1.39599E+03	 1.59756E+03
 1.39849E+03	 1.59624E+03
 1.40098E+03	 1.59338E+03
 1.40348E+03	 1.59498E+03
 1.40597E+03	 1.59486E+03
 1.40846E+03	 1.59126E+03
 1.41095E+03	 1.59516E+03
 1.41344E+03	 1.59292E+03
 1.41593E+03	 1.59338E+03
 1.41842E+03	 1.58954E+03
 1.42091E+03	 1.59316E+03
 1.42340E+03	 1.59144E+03
 1.42588E+03	 1.58742E+03
 1.42837E+03	 1.59476E+03
 1.43086E+03	 1.59036E+03
 1.43334E+03	 1.59238E+03
 1.43582E+03	 1.59184E+03
 1.43831E+03	 1.59236E+03
 1.44079E+03	 1.59278E+03
 1.44327E+03	 1.59636E+03
 1.44575E+03	 1.59488E+03
 1.44823E+03	 1.59174E+03
 1.45071E+03	 1.58954E+03
 1.45319E+03	 1.58794E+03
 1.45566E+03	 1.59218E+03
 1.45814E+03	 1.58736E+03
 1.46062E+03	 1.58928E+03
 1.46309E+03	 1.58660E+03
 1.46557E+03	 1.58658E+03
 1.46804E+03	 1.58526E+03
 1.47051E+03	 1.58428E+03
 1.47298E+03	 1.58860E+03
 1.47546E+03	 1.58278E+03
 1.47793E+03	 1.59032E+03
 1.48040E+03	 1.58832E+03
 1.48286E+03	 1.58398E+03
 1.48533E+03	 1.58704E+03
 1.48780E+03	 1.58404E+03
 1.49027E+03	 1.58478E+03
 1.49273E+03	 1.58672E+03
 1.49520E+03	 1.58798E+03
 1.49766E+03	 1.58756E+03
 1.50013E+03	 1.58960E+03
 1.50259E+03	 1.59114E+03
 1.50505E+03	 1.58710E+03
 1.50751E+03	 1.58794E+03
 1.50997E+03	 1.59066E+03
 1.51243E+03	 1.58964E+03
 1.51489E+03	 1.59170E+03
 1.51735E+03	 1.59164E+03
 1.51981E+03	 1.59610E+03
 1.52226E+03	 1.59414E+03
 1.52472E+03	 1.59354E+03
 1.52718E+03	 1.59206E+03
 1.52963E+03	 1.59252E+03
 1.53208E+03	 1.59312E+03
 1.53454E+03	 1.59288E+03
 1.53699E+03	 1.59408E+03
 1.53944E+03	 1.59482E+03
 1.54189E+03	 1.59540E+03
 1.54434E+03	 1.59596E+03
 1.54679E+03	 1.59208E+03
 1.54924E+03	 1.59688E+03
 1.55169E+03	 1.59532E+03
 1.55413E+03	 1.59184E+03
 1.55658E+03	 1.58896E+03
 1.55902E+03	 1.59152E+03
 1.56147E+03	 1.59376E+03
 1.56391E+03	 1.59618E+03
 1.56636E+03	 1.59076E+03
 1.56880E+03	 1.59750E+03
 1.57124E+03	 1.59498E+03
 1.57368E+03	 1.59484E+03
 1.57612E+03	 1.58758E+03
 1.57856E+03	 1.59010E+03
 1.58100E+03	 1.59594E+03
 1.58344E+03	 1.58698E+03
 1.58587E+03	 1.58906E+03
 1.58831E+03	 1.58954E+03
 1.59074E+03	 1.58722E+03
 1.59318E+03	 1.59298E+03
 1.59561E+03	 1.58922E+03
 1.59805E+03	 1.59282E+03
 1.60048E+03	 1.59018E+03
 1.60291E+03	 1.59176E+03
 1.60534E+03	 1.58476E+03
 1.60777E+03	 1.58792E+03
 1.61020E+03	 1.58654E+03
 1.61263E+03	 1.59144E+03
 1.61506E+03	 1.58970E+03
 1.61749E+03	 1.58818E+03
 1.61991E+03	 1.59108E+03
 1.62234E+03	 1.59114E+03
 1.62476E+03	 1.59088E+03
 1.62719E+03	 1.59030E+03
 1.62961E+03	 1.58524E+03
 1.63203E+03	 1.58690E+03
 1.63446E+03	 1.58270E+03
 1.63688E+03	 1.58628E+03
 1.63930E+03	 1.58358E+03
 1.64172E+03	 1.58784E+03
 1.64414E+03	 1.58434E+03
 1.64656E+03	 1.58254E+03
 1.64897E+03	 1.58108E+03
 1.65139E+03	 1.58564E+03
 1.65381E+03	 1.58296E+03
 1.65622E+03	 1.58608E+03
 1.65864E+03	 1.58330E+03
 1.66105E+03	 1.58380E+03
 1.66346E+03	 1.58766E+03
 1.66588E+03	 1.58168E+03
 1.66829E+03	 1.58434E+03
 1.67070E+03	 1.58914E+03
 1.67311E+03	 1.58564E+03
 1.67552E+03	 1.58588E+03
 1.67793E+03	 1.58452E+03
 1.68034E+03	 1.58512E+03
 1.68274E+03	 1.58756E+03
 1.68515E+03	 1.58780E+03
 1.68756E+03	 1.58810E+03
 1.68996E+03	 1.58984E+03
 1.69236E+03	 1.58760E+03
 1.69477E+03	 1.58436E+03
 1.69717E+03	 1.58752E+03
 1.69957E+03	 1.58390E+03
 1.70197E+03	 1.58272E+03
 1.70438E+03	 1.58634E+03
 1.70678E+03	 1.58404E+03
 1.70917E+03	 1.58312E+03
 1.71157E+03	 1.58108E+03
 1.71397E+03	 1.58514E+03
 1.71637E+03	 1.58250E+03
 1.71876E+03	 1.58268E+03
 1.72116E+03	 1.58380E+03
 1.72355E+03	 1.58060E+03
 1.72595E+03	 1.58052E+03
 1.72834E+03	 1.57870E+03
 1.73073E+03	 1.58008E+03
 1.73313E+03	 1.57448E+03
 1.73552E+03	 1.57120E+03
 1.73791E+03	 1.57312E+03
 1.74030E+03	 1.57008E+03
 1.74269E+03	 1.57012E+03
 1.74507E+03	 1.56756E+03
 1.74746E+03	 1.57630E+03
 1.74985E+03	 1.57676E+03
 1.75224E+03	 1.57670E+03
 1.75462E+03	 1.57238E+03
 1.75701E+03	 1.57444E+03
 1.75939E+03	 1.57470E+03
 1.76177E+03	 1.57640E+03
 1.76415E+03	 1.57228E+03
 1.76654E+03	 1.56996E+03
 1.76892E+03	 1.57898E+03
 1.77130E+03	 1.57708E+03
 1.77368E+03	 1.57400E+03
 1.77606E+03	 1.57226E+03
 1.77843E+03	 1.57898E+03
 1.78081E+03	 1.57718E+03
 1.78319E+03	 1.57962E+03
 1.78556E+03	 1.57608E+03
 1.78794E+03	 1.57296E+03
 1.79031E+03	 1.57838E+03
 1.79269E+03	 1.57438E+03
 1.79506E+03	 1.57582E+03
 1.79743E+03	 1.57682E+03
 1.79981E+03	 1.57410E+03
 1.80218E+03	 1.57326E+03
 1.80455E+03	 1.57602E+03
 1.80692E+03	 1.57392E+03
 1.80928E+03	 1.57712E+03
 1.81165E+03	 1.57446E+03
 1.81402E+03	 1.57406E+03
 1.81639E+03	 1.57354E+03
 1.81875E+03	 1.57274E+03
 1.82112E+03	 1.57444E+03
 1.82348E+03	 1.56906E+03
 1.82585E+03	 1.56942E+03
 1.82821E+03	 1.56832E+03
 1.83057E+03	 1.57086E+03
 1.83293E+03	 1.57422E+03
 1.83529E+03	 1.57216E+03
 1.83765E+03	 1.57600E+03
 1.84001E+03	 1.56998E+03
 1.84237E+03	 1.57266E+03
 1.84473E+03	 1.57508E+03
 1.84709E+03	 1.57694E+03
 1.84944E+03	 1.57426E+03
 1.85180E+03	 1.57320E+03
 1.85416E+03	 1.57476E+03
 1.85651E+03	 1.56952E+03
 1.85886E+03	 1.57416E+03
 1.86122E+03	 1.57784E+03
 1.86357E+03	 1.57324E+03
 1.86592E+03	 1.57282E+03
 1.86827E+03	 1.57248E+03
 1.87062E+03	 1.57202E+03
 1.87297E+03	 1.57308E+03
 1.87532E+03	 1.57108E+03
 1.87767E+03	 1.57464E+03
 1.88002E+03	 1.57342E+03
 1.88236E+03	 1.57592E+03
 1.88471E+03	 1.57446E+03
 1.88705E+03	 1.57348E+03
 1.88940E+03	 1.58010E+03
 1.89174E+03	 1.57810E+03
 1.89409E+03	 1.57198E+03
 1.89643E+03	 1.57588E+03
 1.89877E+03	 1.57286E+03
 1.90111E+03	 1.57370E+03
 1.90345E+03	 1.57328E+03
 1.90579E+03	 1.57572E+03
 1.90813E+03	 1.57404E+03
 1.91047E+03	 1.57010E+03
 1.91281E+03	 1.57626E+03
 1.91514E+03	 1.57488E+03
 1.91748E+03	 1.57514E+03
 1.91981E+03	 1.57004E+03
 1.92215E+03	 1.56856E+03
 1.92448E+03	 1.56938E+03
 1.92682E+03	 1.55932E+03
 1.92915E+03	 1.56742E+03
 1.93148E+03	 1.56688E+03
 1.93381E+03	 1.56608E+03
 1.93614E+03	 1.57034E+03
 1.93847E+03	 1.56280E+03
 1.94080E+03	 1.56574E+03
 1.94313E+03	 1.56474E+03
 1.94546E+03	 1.56140E+03
 1.94778E+03	 1.56422E+03
 1.95011E+03	 1.56650E+03
 1.95244E+03	 1.56468E+03
 1.95476E+03	 1.56630E+03
 1.95709E+03	 1.56404E+03
 1.95941E+03	 1.55962E+03
 1.96173E+03	 1.56784E+03
 1.96405E+03	 1.56718E+03
 1.96638E+03	 1.56758E+03
 1.96870E+03	 1.56210E+03
 1.97102E+03	 1.57124E+03
 1.97334E+03	 1.56474E+03
 1.97566E+03	 1.57108E+03
 1.97797E+03	 1.56958E+03
 1.98029E+03	 1.56582E+03
 1.98261E+03	 1.57186E+03
 1.98492E+03	 1.56406E+03
 1.98724E+03	 1.56684E+03
 1.98955E+03	 1.56604E+03
 1.99187E+03	 1.56176E+03
 1.99418E+03	 1.56198E+03
 1.99649E+03	 1.56152E+03
 1.99880E+03	 1.56268E+03
 2.00112E+03	 1.56028E+03
 2.00343E+03	 1.56442E+03
 2.00574E+03	 1.56392E+03
 2.00804E+03	 1.56164E+03
 2.01035E+03	 1.56402E+03
 2.01266E+03	 1.56142E+03
 2.01497E+03	 1.56228E+03
 2.01727E+03	 1.56268E+03
 2.01958E+03	 1.55882E+03
 2.02188E+03	 1.56554E+03
 2.02419E+03	 1.56134E+03
 2.02649E+03	 1.55686E+03
 2.02880E+03	 1.55884E+03
 2.03110E+03	 1.55710E+03
 2.03340E+03	 1.56378E+03
 2.03570E+03	 1.56056E+03
 2.03800E+03	 1.56622E+03
 2.04030E+03	 1.56170E+03
 2.04260E+03	 1.56346E+03
 2.04490E+03	 1.56234E+03
 2.04719E+03	 1.55928E+03
 2.04949E+03	 1.56046E+03
 2.05179E+03	 1.56192E+03
 2.05408E+03	 1.56264E+03
 2.05638E+03	 1.56086E+03
 2.05867E+03	 1.55462E+03
 2.06096E+03	 1.55838E+03
 2.06326E+03	 1.55856E+03
 2.06555E+03	 1.56480E+03
 2.06784E+03	 1.56084E+03
 2.07013E+03	 1.55534E+03
 2.07242E+03	 1.56128E+03
 2.07471E+03	 1.56132E+03
 2.07700E+03	 1.55760E+03
 2.07929E+03	 1.56136E+03
 2.08157E+03	 1.55668E+03
 2.08386E+03	 1.55828E+03
 2.08615E+03	 1.55862E+03
 2.08843E+03	 1.55742E+03
 2.09072E+03	 1.55912E+03
 2.09300E+03	 1.55562E+03
 2.09528E+03	 1.55624E+03
 2.09756E+03	 1.56002E+03
 2.09985E+03	 1.55754E+03
 2.10213E+03	 1.55578E+03
 2.10441E+03	 1.56066E+03
 2.10669E+03	 1.55904E+03
 2.10897E+03	 1.55364E+03
 2.11125E+03	 1.55986E+03
 2.11352E+03	 1.56012E+03
 2.11580E+03	 1.55900E+03
 2.11808E+03	 1.55744E+03
 2.12035E+03	 1.55606E+03
 2.12263E+03	 1.55566E+03
 2.12490E+03	 1.55812E+03
 2.12718E+03	 1.55638E+03
 2.12945E+03	 1.55650E+03
 2.13172E+03	 1.55856E+03
 2.13399E+03	 1.55668E+03
 2.13626E+03	 1.55980E+03
 2.13853E+03	 1.55572E+03
 2.14080E+03	 1.55952E+03
 2.14307E+03	 1.55702E+03
 2.14534E+03	 1.55254E+03
 2.14761E+03	 1.55740E+03
 2.14988E+03	 1.55378E+03
 2.15214E+03	 1.55580E+03
 2.15441E+03	 1.55682E+03
 2.15667E+03	 1.55902E+03
 2.15894E+03	 1.56024E+03
 2.16120E+03	 1.55718E+03
 2.16346E+03	 1.55746E+03
 2.16573E+03	 1.55402E+03
 2.16799E+03	 1.55554E+03
 2.17025E+03	 1.55828E+03
 2.17251E+03	 1.55582E+03
 2.17477E+03	 1.55614E+03
 2.17703E+03	 1.55220E+03
 2.17929E+03	 1.55674E+03
 2.18154E+03	 1.55496E+03
 2.18380E+03	 1.55304E+03
 2.18606E+03	 1.55320E+03
 2.18831E+03	 1.55726E+03
 2.19057E+03	 1.55158E+03
 2.19282E+03	 1.55400E+03
 2.19508E+03	 1.54986E+03
 2.19733E+03	 1.55506E+03
 2.19958E+03	 1.55220E+03
 2.20183E+03	 1.55284E+03
 2.20409E+03	 1.55042E+03
 2.20634E+03	 1.54936E+03
 2.20859E+03	 1.55514E+03
 2.21083E+03	 1.55234E+03
 2.21308E+03	 1.54908E+03
 2.21533E+03	 1.55084E+03
 2.21758E+03	 1.55394E+03
 2.21982E+03	 1.55316E+03
 2.22207E+03	 1.55258E+03
 2.22432E+03	 1.55272E+03
 2.22656E+03	 1.55258E+03
 2.22880E+03	 1.54888E+03
 2.23105E+03	 1.55292E+03
 2.23329E+03	 1.55144E+03
 2.23553E+03	 1.54870E+03
 2.23777E+03	 1.54574E+03
 2.24001E+03	 1.55098E+03
 2.24225E+03	 1.55484E+03
 2.24449E+03	 1.55126E+03
 2.24673E+03	 1.55228E+03
 2.24897E+03	 1.54846E+03
 2.25121E+03	 1.54630E+03
 2.25344E+03	 1.54974E+03
 2.25568E+03	 1.55360E+03
 2.25791E+03	 1.55072E+03
 2.26015E+03	 1.54726E+03
 2.26238E+03	 1.54986E+03
 2.26462E+03	 1.55086E+03
 2.26685E+03	 1.55254E+03
 2.26908E+03	 1.55456E+03
 2.27131E+03	 1.55218E+03
 2.27354E+03	 1.55228E+03
 2.27577E+03	 1.55006E+03
 2.27800E+03	 1.55144E+03
 2.28023E+03	 1.55326E+03
 2.28246E+03	 1.55076E+03
 2.28469E+03	 1.54872E+03
 2.28692E+03	 1.55216E+03
 2.28914E+03	 1.54922E+03
 2.29137E+03	 1.55176E+03
 2.29359E+03	 1.55144E+03
 2.29582E+03	 1.55482E+03
 2.29804E+03	 1.55620E+03
 2.30026E+03	 1.55070E+03
 2.30249E+03	 1.55504E+03
 2.30471E+03	 1.55222E+03
 2.30693E+03	 1.55228E+03
 2.30915E+03	 1.55432E+03
 2.31137E+03	 1.55046E+03
 2.31359E+03	 1.55140E+03
 2.31581E+03	 1.55440E+03
 2.31802E+03	 1.55228E+03
 2.32024E+03	 1.55298E+03
 2.32246E+03	 1.55386E+03
 2.32467E+03	 1.54920E+03
 2.32689E+03	 1.55112E+03
 2.32910E+03	 1.55418E+03
 2.33132E+03	 1.54914E+03
 2.33353E+03	 1.54952E+03
 2.33574E+03	 1.54914E+03
 2.33796E+03	 1.54928E+03
 2.34017E+03	 1.55182E+03
 2.34238E+03	 1.54972E+03
 2.34459E+03	 1.54664E+03
 2.34680E+03	 1.54956E+03
 2.34901E+03	 1.54990E+03
 2.35121E+03	 1.54830E+03
 2.35342E+03	 1.54980E+03
 2.35563E+03	 1.54324E+03
 2.35784E+03	 1.54860E+03
 2.36004E+03	 1.54722E+03
 2.36225E+03	 1.55196E+03
 2.36445E+03	 1.55044E+03
 2.36665E+03	 1.54714E+03
 2.36886E+03	 1.54840E+03
 2.37106E+03	 1.54424E+03
 2.37326E+03	 1.54754E+03
 2.37546E+03	 1.54634E+03
 2.37766E+03	 1.55060E+03
 2.37986E+03	 1.54758E+03
 2.38206E+03	 1.54610E+03
 2.38426E+03	 1.54616E+03
 2.38646E+03	 1.54436E+03
 2.38866E+03	 1.54670E+03
 2.39085E+03	 1.54258E+03
 2.39305E+03	 1.54792E+03
 2.39525E+03	 1.54618E+03
 2.39744E+03	 1.54528E+03
 2.39963E+03	 1.54276E+03
 2.40183E+03	 1.54328E+03
 2.40402E+03	 1.54604E+03
 2.40621E+03	 1.54010E+03
 2.40841E+03	 1.54554E+03
 2.41060E+03	 1.54362E+03
 2.41279E+03	 1.54752E+03
 2.41498E+03	 1.54278E+03
 2.41717E+03	 1.54346E+03
 2.41935E+03	 1.54474E+03
 2.42154E+03	 1.54070E+03
 2.42373E+03	 1.54110E+03
 2.42592E+03	 1.54424E+03
 2.42810E+03	 1.54566E+03
 2.43029E+03	 1.54024E+03
 2.43247E+03	 1.54098E+03
 2.43466E+03	 1.54146E+03
 2.43684E+03	 1.54304E+03
 2.43902E+03	 1.54388E+03
 2.44121E+03	 1.54076E+03
 2.44339E+03	 1.54210E+03
 2.44557E+03	 1.54120E+03
 2.44775E+03	 1.54036E+03
 2.44993E+03	 1.54280E+03
 2.45211E+03	 1.53956E+03
 2.45429E+03	 1.54498E+03
 2.45646E+03	 1.54238E+03
 2.45864E+03	 1.54176E+03
 2.46082E+03	 1.54452E+03
 2.46299E+03	 1.54186E+03
 2.46517E+03	 1.54190E+03
 2.46734E+03	 1.54252E+03
 2.46952E+03	 1.54244E+03
 2.47169E+03	 1.54504E+03
 2.47386E+03	 1.54630E+03
 2.47604E+03	 1.54572E+03
 2.47821E+03	 1.54574E+03
 2.48038E+03	 1.53798E+03
 2.48255E+03	 1.54318E+03
 2.48472E+03	 1.54828E+03
 2.48689E+03	 1.54562E+03
 2.48906E+03	 1.54516E+03
 2.49123E+03	 1.54864E+03
 2.49339E+03	 1.54974E+03
 2.49556E+03	 1.54428E+03
 2.49773E+03	 1.54902E+03
 2.49989E+03	 1.54428E+03
 2.50206E+03	 1.54262E+03
 2.50422E+03	 1.54286E+03
 2.50638E+03	 1.54186E+03
 2.50855E+03	 1.54322E+03
 2.51071E+03	 1.54662E+03
 2.51287E+03	 1.54608E+03
 2.51503E+03	 1.53906E+03
 2.51719E+03	 1.54472E+03
 2.51935E+03	 1.54264E+03
 2.52151E+03	 1.54634E+03
 2.52367E+03	 1.54426E+03
 2.52583E+03	 1.54130E+03
 2.52799E+03	 1.54430E+03
 2.53014E+03	 1.54832E+03
 2.53230E+03	 1.54438E+03
 2.53445E+03	 1.54282E+03
 2.53661E+03	 1.54036E+03
 2.53876E+03	 1.54304E+03
 2.54092E+03	 1.54196E+03
 2.54307E+03	 1.53826E+03
 2.54522E+03	 1.54024E+03
 2.54738E+03	 1.54088E+03
 2.54953E+03	 1.53900E+03
 2.55168E+03	 1.54152E+03
 2.55383E+03	 1.54030E+03
 2.55598E+03	 1.54230E+03
 2.55813E+03	 1.53798E+03
 2.56027E+03	 1.53910E+03
 2.56242E+03	 1.54526E+03
 2.56457E+03	 1.53776E+03
 2.56671E+03	 1.53730E+03
 2.56886E+03	 1.54312E+03
 2.57101E+03	 1.53928E+03
 2.57315E+03	 1.54098E+03
 2.57529E+03	 1.53926E+03
 2.57744E+03	 1.53976E+03
 2.57958E+03	 1.53926E+03
 2.58172E+03	 1.53612E+03
 2.58386E+03	 1.54290E+03
 2.58601E+03	 1.53504E+03
 2.58815E+03	 1.53806E+03
 2.59029E+03	 1.54068E+03
 2.59242E+03	 1.53790E+03
 2.59456E+03	 1.54090E+03
 2.59670E+03	 1.53846E+03
 2.59884E+03	 1.54034E+03
 2.60097E+03	 1.53850E+03
 2.60311E+03	 1.53820E+03
 2.60525E+03	 1.53710E+03
 2.60738E+03	 1.53634E+03
 2.60952E+03	 1.53842E+03
 2.61165E+03	 1.53694E+03
 2.61378E+03	 1.53904E+03
 2.61591E+03	 1.53320E+03
 2.61805E+03	 1.54046E+03
 2.62018E+03	 1.53172E+03
 2.62231E+03	 1.53510E+03
 2.62444E+03	 1.53428E+03
 2.62657E+03	 1.53256E+03
 2.62870E+03	 1.53726E+03
 2.63082E+03	 1.53716E+03
 2.63295E+03	 1.53608E+03
 2.63508E+03	 1.53588E+03
 2.63721E+03	 1.53292E+03
 2.63933E+03	 1.53494E+03
 2.64146E+03	 1.53968E+03
 2.64358E+03	 1.53592E+03
 2.64571E+03	 1.53424E+03
 2.64783E+03	 1.53754E+03
 2.64995E+03	 1.53760E+03
 2.65207E+03	 1.53538E+03
 2.65420E+03	 1.53876E+03
 2.65632E+03	 1.53484E+03
 2.65844E+03	 1.53166E+03
 2.66056E+03	 1.53586E+03
 2.66268E+03	 1.53526E+03
 2.66480E+03	 1.53606E+03
 2.66691E+03	 1.53710E+03
 2.66903E+03	 1.53770E+03
 2.67115E+03	 1.53254E+03
 2.67326E+03	 1.53624E+03
 2.67538E+03	 1.53478E+03
 2.67749E+03	 1.53746E+03
 2.67961E+03	 1.53662E+03
 2.68172E+03	 1.53730E+03
 2.68384E+03	 1.53580E+03
 2.68595E+03	 1.53352E+03
 2.68806E+03	 1.53770E+03
 2.69017E+03	 1.53626E+03
 2.69228E+03	 1.53764E+03
 2.69439E+03	 1.53586E+03
 2.69650E+03	 1.53196E+03
 2.69861E+03	 1.53524E+03
 2.70072E+03	 1.53920E+03
 2.70283E+03	 1.53740E+03
 2.70494E+03	 1.53806E+03
 2.70704E+03	 1.53738E+03
 2.70915E+03	 1.53322E+03
 2.71126E+03	 1.53384E+03
 2.71336E+03	 1.53856E+03
 2.71546E+03	 1.53614E+03
 2.71757E+03	 1.53516E+03
 2.71967E+03	 1.53390E+03
 2.72177E+03	 1.53194E+03
 2.72388E+03	 1.53498E+03
 2.72598E+03	 1.53338E+03
 2.72808E+03	 1.53532E+03
 2.73018E+03	 1.53180E+03
 2.73228E+03	 1.53276E+03
 2.73438E+03	 1.53276E+03
 2.73648E+03	 1.53282E+03
 2.73857E+03	 1.53408E+03
 2.74067E+03	 1.53410E+03
 2.74277E+03	 1.53166E+03
 2.74486E+03	 1.53260E+03
 2.74696E+03	 1.52882E+03
 2.74905E+03	 1.53272E+03
 2.75115E+03	 1.53072E+03
 2.75324E+03	 1.53110E+03
 2.75534E+03	 1.52672E+03
 2.75743E+03	 1.53010E+03
 2.75952E+03	 1.53090E+03
 2.76161E+03	 1.53436E+03
 2.76370E+03	 1.52924E+03
 2.76579E+03	 1.53142E+03
 2.76788E+03	 1.53012E+03
 2.76997E+03	 1.52792E+03
 2.77206E+03	 1.52858E+03
 2.77415E+03	 1.52768E+03
 2.77624E+03	 1.53056E+03
 2.77832E+03	 1.52926E+03
 2.78041E+03	 1.53272E+03
 2.78250E+03	 1.53022E+03
 2.78458E+03	 1.52996E+03
 2.78666E+03	 1.52830E+03
 2.78875E+03	 1.52750E+03
 2.79083E+03	 1.52852E+03
 2.79291E+03	 1.52652E+03
 2.79500E+03	 1.52548E+03
 2.79708E+03	 1.52930E+03
 2.79916E+03	 1.52546E+03
 2.80124E+03	 1.52514E+03
 2.80332E+03	 1.52512E+03
 2.80540E+03	 1.52896E+03
 2.80748E+03	 1.52846E+03
 2.80956E+03	 1.52834E+03
 2.81163E+03	 1.52546E+03
 2.81371E+03	 1.52204E+03
 2.81579E+03	 1.52692E+03
 2.81786E+03	 1.52532E+03
 2.81994E+03	 1.52352E+03
 2.82201E+03	 1.52518E+03
 2.82409E+03	 1.52952E+03
 2.82616E+03	 1.52154E+03
 2.82823E+03	 1.52616E+03
 2.83031E+03	 1.52500E+03
 2.83238E+03	 1.52650E+03
 2.83445E+03	 1.52244E+03
 2.83652E+03	 1.52260E+03
 2.83859E+03	 1.52170E+03
 2.84066E+03	 1.52520E+03
 2.84273E+03	 1.52876E+03
 2.84480E+03	 1.52120E+03
 2.84686E+03	 1.52460E+03
 2.84893E+03	 1.51678E+03
 2.85100E+03	 1.52434E+03
 2.85306E+03	 1.52394E+03
 2.85513E+03	 1.52212E+03
 2.85719E+03	 1.52184E+03
 2.85926E+03	 1.52602E+03
 2.86132E+03	 1.52440E+03
 2.86339E+03	 1.52674E+03
 2.86545E+03	 1.52674E+03
 2.86751E+03	 1.52246E+03
 2.86957E+03	 1.52710E+03
 2.87163E+03	 1.52386E+03
 2.87369E+03	 1.52500E+03
 2.87575E+03	 1.52450E+03
 2.87781E+03	 1.51856E+03
 2.87987E+03	 1.52100E+03
 2.88193E+03	 1.52352E+03
 2.88399E+03	 1.52068E+03
 2.88604E+03	 1.52782E+03
 2.88810E+03	 1.52224E+03
 2.89015E+03	 1.52210E+03
 2.89221E+03	 1.51974E+03
 2.89426E+03	 1.52446E+03
 2.89632E+03	 1.52124E+03
 2.89837E+03	 1.52422E+03
 2.90042E+03	 1.52136E+03
 2.90248E+03	 1.52184E+03
 2.90453E+03	 1.52060E+03
 2.90658E+03	 1.52302E+03
 2.90863E+03	 1.51784E+03
 2.91068E+03	 1.52040E+03
 2.91273E+03	 1.52146E+03
 2.91478E+03	 1.52126E+03
 2.91683E+03	 1.51970E+03
 2.91888E+03	 1.51516E+03
 2.92092E+03	 1.51954E+03
 2.92297E+03	 1.52118E+03
 2.92502E+03	 1.51814E+03
 2.92706E+03	 1.51702E+03
 2.92911E+03	 1.51904E+03
 2.93115E+03	 1.52052E+03
 2.93320E+03	 1.51610E+03
 2.93524E+03	 1.52390E+03
 2.93728E+03	 1.51976E+03
 2.93932E+03	 1.52022E+03
 2.94137E+03	 1.51732E+03
 2.94341E+03	 1.51798E+03
 2.94545E+03	 1.51440E+03
 2.94749E+03	 1.52136E+03
 2.94953E+03	 1.51698E+03
 2.95157E+03	 1.51722E+03
 2.95360E+03	 1.51646E+03
 2.95564E+03	 1.51792E+03
 2.95768E+03	 1.51216E+03
 2.95971E+03	 1.51164E+03
 2.96175E+03	 1.51466E+03
 2.96379E+03	 1.51574E+03
 2.96582E+03	 1.51098E+03
 2.96786E+03	 1.51496E+03
 2.96989E+03	 1.51232E+03
 2.97192E+03	 1.50988E+03
 2.97396E+03	 1.51080E+03
 2.97599E+03	 1.51442E+03
 2.97802E+03	 1.51084E+03
 2.98005E+03	 1.51366E+03
 2.98208E+03	 1.51588E+03
 2.98411E+03	 1.51104E+03
 2.98614E+03	 1.51198E+03
 2.98817E+03	 1.51012E+03
 2.99020E+03	 1.51338E+03
 2.99223E+03	 1.50666E+03
 2.99425E+03	 1.51126E+03
 2.99628E+03	 1.50650E+03
 2.99830E+03	 1.51486E+03
 3.00033E+03	 1.51186E+03
 3.00236E+03	 1.51136E+03
 3.00438E+03	 1.50864E+03
 3.00640E+03	 1.50750E+03
 3.00843E+03	 1.50990E+03
 3.01045E+03	 1.51036E+03
 3.01247E+03	 1.50916E+03
 3.01449E+03	 1.51244E+03
 3.01651E+03	 1.51090E+03
 3.01854E+03	 1.50870E+03
 3.02056E+03	 1.50544E+03
 3.02257E+03	 1.50660E+03
 3.02459E+03	 1.51338E+03
 3.02661E+03	 1.51196E+03
 3.02863E+03	 1.51064E+03
 3.03065E+03	 1.50840E+03
 3.03266E+03	 1.51082E+03
 3.03468E+03	 1.51038E+03
 3.03669E+03	 1.51086E+03
 3.03871E+03	 1.51134E+03
 3.04072E+03	 1.50918E+03
 3.04274E+03	 1.50782E+03
 3.04475E+03	 1.50900E+03
 3.04676E+03	 1.50836E+03
 3.04878E+03	 1.51284E+03
 3.05079E+03	 1.51150E+03
 3.05280E+03	 1.50646E+03
 3.05481E+03	 1.50938E+03
 3.05682E+03	 1.51108E+03
 3.05883E+03	 1.51014E+03
 3.06084E+03	 1.50610E+03
 3.06285E+03	 1.50928E+03
 3.06486E+03	 1.51572E+03
 3.06686E+03	 1.51180E+03
 3.06887E+03	 1.50468E+03
 3.07088E+03	 1.50604E+03
 3.07288E+03	 1.50464E+03
 3.07489E+03	 1.50646E+03
 3.07689E+03	 1.50768E+03
 3.07890E+03	 1.51006E+03
 3.08090E+03	 1.50770E+03
 3.08290E+03	 1.50570E+03
 3.08490E+03	 1.50712E+03
 3.08691E+03	 1.50396E+03
 3.08891E+03	 1.50728E+03
 3.09091E+03	 1.50452E+03
 3.09291E+03	 1.50824E+03
 3.09491E+03	 1.50636E+03
 3.09691E+03	 1.50430E+03
 3.09891E+03	 1.50438E+03
 3.10090E+03	 1.50476E+03
 3.10290E+03	 1.50348E+03
 3.10490E+03	 1.50332E+03
 3.10690E+03	 1.50226E+03
 3.10889E+03	 1.50438E+03
 3.11089E+03	 1.50076E+03
 3.11288E+03	 1.50322E+03
 3.11488E+03	 1.50294E+03
 3.11687E+03	 1.50362E+03
 3.11886E+03	 1.49876E+03
 3.12086E+03	 1.49866E+03
 3.12285E+03	 1.50468E+03
 3.12484E+03	 1.50152E+03
 3.12683E+03	 1.50088E+03
 3.12882E+03	 1.50352E+03
 3.13081E+03	 1.49748E+03
 3.13280E+03	 1.49794E+03
 3.13479E+03	 1.49708E+03
 3.13678E+03	 1.50064E+03
 3.13877E+03	 1.49674E+03
 3.14075E+03	 1.50086E+03
 3.14274E+03	 1.49808E+03
 3.14473E+03	 1.50030E+03
 3.14671E+03	 1.50186E+03
 3.14870E+03	 1.49936E+03
 3.15068E+03	 1.49848E+03
 3.15267E+03	 1.49724E+03
 3.15465E+03	 1.49882E+03
 3.15663E+03	 1.49788E+03
 3.15862E+03	 1.49986E+03
 3.16060E+03	 1.49942E+03
 3.16258E+03	 1.49618E+03
 3.16456E+03	 1.49580E+03
 3.16654E+03	 1.49562E+03
 3.16852E+03	 1.49764E+03
 3.17050E+03	 1.49354E+03
 3.17248E+03	 1.49408E+03
 3.17446E+03	 1.49422E+03
 3.17643E+03	 1.49590E+03
 3.17841E+03	 1.49704E+03
 3.18039E+03	 1.49594E+03
 3.18236E+03	 1.49540E+03
 3.18434E+03	 1.49444E+03
 3.18632E+03	 1.49520E+03
 3.18829E+03	 1.49450E+03
 3.19026E+03	 1.49224E+03
 3.19224E+03	 1.49612E+03
 3.19421E+03	 1.49758E+03
 3.19618E+03	 1.49706E+03
 3.19815E+03	 1.49774E+03
 3.20013E+03	 1.49174E+03
 3.20210E+03	 1.49682E+03
 3.20407E+03	 1.49500E+03
 3.20604E+03	 1.49696E+03
 3.20801E+03	 1.49226E+03
 3.20998E+03	 1.49652E+03
 3.21194E+03	 1.49838E+03
 3.21391E+03	 1.49540E+03
 3.21588E+03	 1.49018E+03
 3.21784E+03	 1.49234E+03
 3.21981E+03	 1.49456E+03
 3.22178E+03	 1.49422E+03
 3.22374E+03	 1.49634E+03
 3.22571E+03	 1.49016E+03
 3.22767E+03	 1.49602E+03
 3.22963E+03	 1.49380E+03
 3.23160E+03	 1.49296E+03
 3.23356E+03	 1.49304E+03
 3.23552E+03	 1.49346E+03
 3.23748E+03	 1.49594E+03
 3.23944E+03	 1.49516E+03
 3.24140E+03	 1.49378E+03
 3.24336E+03	 1.49292E+03
 3.24532E+03	 1.49110E+03
 3.24728E+03	 1.48910E+03
 3.24924E+03	 1.49220E+03
 3.25120E+03	 1.49240E+03
 3.25315E+03	 1.49392E+03
 3.25511E+03	 1.48656E+03
 3.25707E+03	 1.48918E+03
 3.25902E+03	 1.48986E+03
 3.26098E+03	 1.49194E+03
 3.26293E+03	 1.49484E+03
 3.26489E+03	 1.48952E+03
 3.26684E+03	 1.48606E+03
 3.26879E+03	 1.48986E+03
 3.27075E+03	 1.49112E+03
 3.27270E+03	 1.48760E+03
 3.27465E+03	 1.48632E+03
 3.27660E+03	 1.48992E+03
 3.27855E+03	 1.49016E+03
 3.28050E+03	 1.48938E+03
 3.28245E+03	 1.48586E+03
 3.28440E+03	 1.48808E+03
 3.28635E+03	 1.49100E+03
 3.28829E+03	 1.48764E+03
 3.29024E+03	 1.48666E+03
 3.29219E+03	 1.48488E+03
 3.29413E+03	 1.48792E+03
 3.29608E+03	 1.48586E+03
 3.29803E+03	 1.48550E+03
 3.29997E+03	 1.48432E+03
 3.30191E+03	 1.48246E+03
 3.30386E+03	 1.48260E+03
 3.30580E+03	 1.48326E+03
 3.30774E+03	 1.48564E+03
 3.30969E+03	 1.48490E+03
 3.31163E+03	 1.48302E+03
 3.31357E+03	 1.48132E+03
 3.31551E+03	 1.48510E+03
 3.31745E+03	 1.48100E+03
 3.31939E+03	 1.48082E+03
 3.32133E+03	 1.48406E+03
 3.32327E+03	 1.48340E+03
 3.32520E+03	 1.48382E+03
 3.32714E+03	 1.48088E+03
 3.32908E+03	 1.48204E+03
 3.33102E+03	 1.48270E+03
 3.33295E+03	 1.48258E+03
 3.33489E+03	 1.47938E+03
 3.33682E+03	 1.48100E+03
 3.33876E+03	 1.48428E+03
 3.34069E+03	 1.48224E+03
 3.34262E+03	 1.47914E+03
 3.34456E+03	 1.48264E+03
 3.34649E+03	 1.48298E+03
 3.34842E+03	 1.47918E+03
 3.35035E+03	 1.48184E+03
 3.35228E+03	 1.48490E+03
 3.35421E+03	 1.48146E+03
 3.35614E+03	 1.48066E+03
 3.35807E+03	 1.48470E+03
 3.36000E+03	 1.47850E+03
 3.36193E+03	 1.48060E+03
 3.36386E+03	 1.48196E+03
 3.36578E+03	 1.48198E+03
 3.36771E+03	 1.47858E+03
 3.36964E+03	 1.48242E+03
 3.37156E+03	 1.48206E+03
 3.37349E+03	 1.47986E+03
 3.37541E+03	 1.47840E+03
 3.37734E+03	 1.48010E+03
 3.37926E+03	 1.48068E+03
 3.38118E+03	 1.48212E+03
 3.38311E+03	 1.48036E+03
 3.38503E+03	 1.48202E+03
 3.38695E+03	 1.48148E+03
 3.38887E+03	 1.47990E+03
 3.39079E+03	 1.47962E+03
 3.39271E+03	 1.48218E+03
 3.39463E+03	 1.48182E+03
 3.39655E+03	 1.47850E+03
 3.39847E+03	 1.48294E+03
 3.40039E+03	 1.47864E+03
 3.40231E+03	 1.47930E+03
 3.40422E+03	 1.47824E+03
 3.40614E+03	 1.48194E+03
 3.40806E+03	 1.47702E+03
 3.40997E+03	 1.47712E+03
 3.41189E+03	 1.47728E+03
 3.41380E+03	 1.47886E+03
 3.41571E+03	 1.47842E+03
 3.41763E+03	 1.47550E+03
 3.41954E+03	 1.47964E+03
 3.42145E+03	 1.47940E+03
 3.42337E+03	 1.47820E+03
 3.42528E+03	 1.47886E+03
 3.42719E+03	 1.47668E+03
 3.42910E+03	 1.47524E+03
 3.43101E+03	 1.47672E+03
 3.43292E+03	 1.47588E+03
 3.43483E+03	 1.47360E+03
 3.43674E+03	 1.47416E+03
 3.43864E+03	 1.47542E+03
 3.44055E+03	 1.47546E+03
 3.44246E+03	 1.47408E+03
 3.44437E+03	 1.47202E+03
 3.44627E+03	 1.47478E+03
 3.44818E+03	 1.47400E+03
 3.45008E+03	 1.47324E+03
 3.45199E+03	 1.47296E+03
 3.45389E+03	 1.47494E+03
 3.45579E+03	 1.47150E+03
 3.45770E+03	 1.47132E+03
 3.45960E+03	 1.47276E+03
 3.46150E+03	 1.47112E+03
 3.46340E+03	 1.47308E+03
 3.46530E+03	 1.47020E+03
 3.46721E+03	 1.47304E+03
 3.46911E+03	 1.47134E+03
 3.47101E+03	 1.47224E+03
 3.47290E+03	 1.47248E+03
 3.47480E+03	 1.47430E+03
 3.47670E+03	 1.46874E+03
 3.47860E+03	 1.46768E+03
 3.48050E+03	 1.47172E+03
 3.48239E+03	 1.47066E+03
 3.48429E+03	 1.47322E+03
 3.48618E+03	 1.47332E+03
 3.48808E+03	 1.46960E+03
 3.48997E+03	 1.47024E+03
 3.49187E+03	 1.47050E+03
 3.49376E+03	 1.46892E+03
 3.49565E+03	 1.47082E+03
 3.49755E+03	 1.47264E+03
 3.49944E+03	 1.46824E+03
 3.50133E+03	 1.46926E+03
 3.50322E+03	 1.46942E+03
 3.50511E+03	 1.47188E+03
 3.50700E+03	 1.46968E+03
 3.50889E+03	 1.46610E+03
 3.51078E+03	 1.46782E+03
 3.51267E+03	 1.46602E+03
 3.51456E+03	 1.46992E+03
 3.51645E+03	 1.46704E+03
 3.51833E+03	 1.46712E+03
 3.52022E+03	 1.46896E+03
 3.52211E+03	 1.46756E+03
 3.52399E+03	 1.46970E+03
 3.52588E+03	 1.46788E+03
 3.52776E+03	 1.46844E+03
 3.52965E+03	 1.46700E+03
 3.53153E+03	 1.46808E+03
 3.53341E+03	 1.47004E+03
 3.53530E+03	 1.47062E+03
 3.53718E+03	 1.47052E+03
 3.53906E+03	 1.46716E+03
 3.54094E+03	 1.46784E+03
 3.54282E+03	 1.46598E+03
 3.54470E+03	 1.46604E+03
 3.54658E+03	 1.46622E+03
 3.54846E+03	 1.46702E+03
 3.55034E+03	 1.47048E+03
 3.55222E+03	 1.46820E+03
 3.55410E+03	 1.46762E+03
 3.55598E+03	 1.47044E+03
 3.55785E+03	 1.46882E+03
 3.55973E+03	 1.46784E+03
 3.56161E+03	 1.46586E+03
 3.56348E+03	 1.46394E+03
 3.56536E+03	 1.46544E+03
 3.56723E+03	 1.46570E+03
 3.56910E+03	 1.46894E+03
 3.57098E+03	 1.46570E+03
 3.57285E+03	 1.46416E+03
 3.57472E+03	 1.46626E+03
 3.57660E+03	 1.46676E+03
 3.57847E+03	 1.46482E+03
 3.58034E+03	 1.46458E+03
 3.58221E+03	 1.46480E+03
 3.58408E+03	 1.46556E+03
 3.58595E+03	 1.46314E+03
 3.58782E+03	 1.46704E+03
 3.58969E+03	 1.46342E+03
 3.59156E+03	 1.46656E+03
 3.59342E+03	 1.46324E+03
 3.59529E+03	 1.46336E+03
 3.59716E+03	 1.46374E+03
 3.59902E+03	 1.46412E+03
 3.60089E+03	 1.46260E+03
 3.60275E+03	 1.46384E+03
 3.60462E+03	 1.46208E+03
 3.60648E+03	 1.46032E+03
 3.60835E+03	 1.46072E+03
 3.61021E+03	 1.45926E+03
 3.61207E+03	 1.45812E+03
 3.61394E+03	 1.46044E+03
 3.61580E+03	 1.46228E+03
 3.61766E+03	 1.46224E+03
 3.61952E+03	 1.46392E+03
 3.62138E+03	 1.46076E+03
 3.62324E+03	 1.46406E+03
 3.62510E+03	 1.45896E+03
 3.62696E+03	 1.45978E+03
 3.62882E+03	 1.46062E+03
 3.63068E+03	 1.46088E+03
 3.63254E+03	 1.46240E+03
 3.63439E+03	 1.46066E+03
 3.63625E+03	 1.46062E+03
 3.63811E+03	 1.46274E+03
 3.63996E+03	 1.46034E+03
 3.64182E+03	 1.45912E+03
 3.64367E+03	 1.45926E+03
 3.64553E+03	 1.46018E+03
 3.64738E+03	 1.46014E+03
 3.64923E+03	 1.46102E+03
 3.65109E+03	 1.46080E+03
 3.65294E+03	 1.45662E+03
 3.65479E+03	 1.46026E+03
 3.65664E+03	 1.45750E+03
 3.65849E+03	 1.46176E+03
 3.66034E+03	 1.45920E+03
 3.66219E+03	 1.45666E+03
 3.66404E+03	 1.45900E+03
 3.66589E+03	 1.46020E+03
 3.66774E+03	 1.45890E+03
 3.66959E+03	 1.46242E+03
 3.67144E+03	 1.46060E+03
 3.67328E+03	 1.45844E+03
 3.67513E+03	 1.45782E+03
 3.67698E+03	 1.45920E+03
 3.67882E+03	 1.45696E+03
 3.68067E+03	 1.45468E+03
 3.68251E+03	 1.45806E+03
 3.68436E+03	 1.45766E+03
 3.68620E+03	 1.45596E+03
 3.68804E+03	 1.45594E+03
 3.68989E+03	 1.46130E+03
 3.69173E+03	 1.45408E+03
 3.69357E+03	 1.45508E+03
 3.69541E+03	 1.45392E+03
 3.69725E+03	 1.45574E+03
 3.69909E+03	 1.45898E+03
 3.70093E+03	 1.45560E+03
 3.70277E+03	 1.45918E+03
 3.70461E+03	 1.45644E+03
 3.70645E+03	 1.45556E+03
 3.70829E+03	 1.45760E+03
 3.71013E+03	 1.45336E+03
 3.71197E+03	 1.45762E+03
 3.71380E+03	 1.45482E+03
 3.71564E+03	 1.45336E+03
 3.71747E+03	 1.45426E+03
 3.71931E+03	 1.45820E+03
 3.72115E+03	 1.45692E+03
 3.72298E+03	 1.45750E+03
 3.72481E+03	 1.45602E+03
 3.72665E+03	 1.45286E+03
 3.72848E+03	 1.45538E+03
 3.73031E+03	 1.45534E+03
 3.73214E+03	 1.45226E+03
